#V3.30
#C data file created using the SS_writedat function in the R package r4ss
#C should work with SS version:
#C file write time: 2020-01-23 16:14:32
#
1950 #_styr
2017 #_endyr
1 #_nseas
12 #_months_per_seas
2 #_Nsubseasons
1 #_spawn_month
1 #_Nsexes
14 #_Nages
1 #_N_areas
9 #_Nfleets
#_fleetinfo
#_type	surveytiming	area	units	need_catch_mult	fleetname
1	-1	1	1	0	CM_E   	#_1
1	-1	1	1	0	CM_W   	#_2
1	-1	1	2	0	REC    	#_3
2	-1	1	2	0	SMP_BYC	#_4
3	 1	1	1	0	HB_E   	#_5
3	 1	1	1	0	HB_W   	#_6
3	 1	1	1	0	LARVAL 	#_7
3	 1	1	1	0	VIDEO  	#_8
3	 1	1	1	0	SEAMAP 	#_9
#Bycatch_fleet_input
#_fleetindex	includeinMSY	Fmult	F_or_first_year	F_or_last_year	unused
4	1	3	2011	2014	999	#_4
#_Catch data
#_year	season	fleet	catch	catch_se
 -999	1	1	       0	0.01	#_1         
 1950	1	1	 1.03893	0.05	#_2         
 1951	1	1	 1.98468	0.05	#_3         
 1952	1	1	 2.89217	0.05	#_4         
 1953	1	1	 3.84191	0.05	#_5         
 1954	1	1	 4.67174	0.05	#_6         
 1955	1	1	  6.0008	0.05	#_7         
 1956	1	1	  6.7727	0.05	#_8         
 1957	1	1	 8.18464	0.05	#_9         
 1958	1	1	 8.48711	0.05	#_10        
 1959	1	1	 10.1887	0.05	#_11        
 1960	1	1	 10.4365	0.05	#_12        
 1961	1	1	  10.962	0.05	#_13        
 1962	1	1	 12.1317	0.05	#_14        
 1963	1	1	 14.2536	0.05	#_15        
 1964	1	1	 15.8639	0.05	#_16        
 1965	1	1	 14.5582	0.05	#_17        
 1966	1	1	 7.39981	0.05	#_18        
 1967	1	1	 15.1731	0.05	#_19        
 1968	1	1	 30.9839	0.05	#_20        
 1969	1	1	 41.8706	0.05	#_21        
 1970	1	1	 38.0425	0.05	#_22        
 1971	1	1	 42.7105	0.05	#_23        
 1972	1	1	 35.5137	0.05	#_24        
 1973	1	1	 62.6357	0.05	#_25        
 1974	1	1	  59.557	0.05	#_26        
 1975	1	1	 124.323	0.05	#_27        
 1976	1	1	 123.159	0.05	#_28        
 1977	1	1	 145.013	0.05	#_29        
 1978	1	1	 127.879	0.05	#_30        
 1979	1	1	 100.964	0.05	#_31        
 1980	1	1	 75.9562	0.05	#_32        
 1981	1	1	 106.193	0.05	#_33        
 1982	1	1	 105.753	0.05	#_34        
 1983	1	1	 157.011	0.05	#_35        
 1984	1	1	  251.69	0.05	#_36        
 1985	1	1	  321.42	0.05	#_37        
 1986	1	1	 319.258	0.05	#_38        
 1987	1	1	 248.383	0.05	#_39        
 1988	1	1	 207.137	0.05	#_40        
 1989	1	1	 230.296	0.05	#_41        
 1990	1	1	 487.731	0.05	#_42        
 1991	1	1	 404.338	0.05	#_43        
 1992	1	1	 592.499	0.05	#_44        
 1993	1	1	 732.806	0.05	#_45        
 1994	1	1	 706.287	0.05	#_46        
 1995	1	1	 664.247	0.05	#_47        
 1996	1	1	 508.223	0.05	#_48        
 1997	1	1	 498.722	0.05	#_49        
 1998	1	1	 351.497	0.05	#_50        
 1999	1	1	 414.459	0.05	#_51        
 2000	1	1	 334.773	0.05	#_52        
 2001	1	1	 358.647	0.05	#_53        
 2002	1	1	 434.333	0.05	#_54        
 2003	1	1	 529.942	0.05	#_55        
 2004	1	1	 462.509	0.05	#_56        
 2005	1	1	 438.731	0.05	#_57        
 2006	1	1	 523.219	0.05	#_58        
 2007	1	1	  585.12	0.05	#_59        
 2008	1	1	 763.958	0.05	#_60        
 2009	1	1	 1337.83	0.05	#_61        
 2010	1	1	 642.626	0.05	#_62        
 2011	1	1	  1085.4	0.05	#_63        
 2012	1	1	 792.619	0.05	#_64        
 2013	1	1	  438.22	0.05	#_65        
 2014	1	1	 489.296	0.05	#_66        
 2015	1	1	 305.761	0.05	#_67        
 2016	1	1	 397.808	0.05	#_68        
 2017	1	1	 434.919	0.05	#_69        
 -999	1	2	       0	0.01	#_70        
 1950	1	2	0.769794	0.05	#_71        
 1951	1	2	 1.43869	0.05	#_72        
 1952	1	2	 2.33171	0.05	#_73        
 1953	1	2	 2.82912	0.05	#_74        
 1954	1	2	 3.80181	0.05	#_75        
 1955	1	2	 4.17521	0.05	#_76        
 1956	1	2	 5.21483	0.05	#_77        
 1957	1	2	 5.77245	0.05	#_78        
 1958	1	2	 6.49646	0.05	#_79        
 1959	1	2	 7.05221	0.05	#_80        
 1960	1	2	 8.86254	0.05	#_81        
 1961	1	2	 8.70896	0.05	#_82        
 1962	1	2	 9.64326	0.05	#_83        
 1963	1	2	 10.3314	0.05	#_84        
 1964	1	2	 10.5581	0.05	#_85        
 1965	1	2	 10.0598	0.05	#_86        
 1966	1	2	 3.27207	0.05	#_87        
 1967	1	2	 6.94319	0.05	#_88        
 1968	1	2	 22.8609	0.05	#_89        
 1969	1	2	 11.1994	0.05	#_90        
 1970	1	2	 22.9613	0.05	#_91        
 1971	1	2	 21.9785	0.05	#_92        
 1972	1	2	 20.1587	0.05	#_93        
 1973	1	2	 27.2235	0.05	#_94        
 1974	1	2	  29.566	0.05	#_95        
 1975	1	2	 45.1643	0.05	#_96        
 1976	1	2	 27.8825	0.05	#_97        
 1977	1	2	  89.425	0.05	#_98        
 1978	1	2	 71.0355	0.05	#_99        
 1979	1	2	  101.41	0.05	#_100       
 1980	1	2	 68.5144	0.05	#_101       
 1981	1	2	 51.1599	0.05	#_102       
 1982	1	2	 62.7938	0.05	#_103       
 1983	1	2	 71.9889	0.05	#_104       
 1984	1	2	 401.509	0.05	#_105       
 1985	1	2	 343.358	0.05	#_106       
 1986	1	2	 429.963	0.05	#_107       
 1987	1	2	 461.126	0.05	#_108       
 1988	1	2	 419.907	0.05	#_109       
 1989	1	2	  412.83	0.05	#_110       
 1990	1	2	 432.701	0.05	#_111       
 1991	1	2	 412.364	0.05	#_112       
 1992	1	2	 454.876	0.05	#_113       
 1993	1	2	 431.105	0.05	#_114       
 1994	1	2	  470.85	0.05	#_115       
 1995	1	2	 315.846	0.05	#_116       
 1996	1	2	 277.918	0.05	#_117       
 1997	1	2	 489.114	0.05	#_118       
 1998	1	2	 430.652	0.05	#_119       
 1999	1	2	 455.398	0.05	#_120       
 2000	1	2	 336.746	0.05	#_121       
 2001	1	2	 435.996	0.05	#_122       
 2002	1	2	 428.078	0.05	#_123       
 2003	1	2	   556.3	0.05	#_124       
 2004	1	2	 557.456	0.05	#_125       
 2005	1	2	  409.47	0.05	#_126       
 2006	1	2	 281.999	0.05	#_127       
 2007	1	2	 551.239	0.05	#_128       
 2008	1	2	  457.36	0.05	#_129       
 2009	1	2	 441.786	0.05	#_130       
 2010	1	2	 358.892	0.05	#_131       
 2011	1	2	 314.398	0.05	#_132       
 2012	1	2	 387.835	0.05	#_133       
 2013	1	2	 235.155	0.05	#_134       
 2014	1	2	  298.14	0.05	#_135       
 2015	1	2	 297.377	0.05	#_136       
 2016	1	2	 346.285	0.05	#_137       
 2017	1	2	 294.122	0.05	#_138       
 -999	1	3	       0	0.01	#_139       
 1950	1	3	 6.42587	0.15	#_140       
 1951	1	3	 18.6518	0.15	#_141       
 1952	1	3	  42.637	0.15	#_142       
 1953	1	3	 29.5828	0.15	#_143       
 1954	1	3	 40.7927	0.15	#_144       
 1955	1	3	 53.6236	0.15	#_145       
 1956	1	3	 70.8175	0.15	#_146       
 1957	1	3	 78.1362	0.15	#_147       
 1958	1	3	 97.5482	0.15	#_148       
 1959	1	3	 98.5516	0.15	#_149       
 1960	1	3	 117.245	0.15	#_150       
 1961	1	3	  123.88	0.15	#_151       
 1962	1	3	 145.168	0.15	#_152       
 1963	1	3	 124.827	0.15	#_153       
 1964	1	3	 132.272	0.15	#_154       
 1965	1	3	 143.794	0.15	#_155       
 1966	1	3	 193.891	0.15	#_156       
 1967	1	3	 166.244	0.15	#_157       
 1968	1	3	 207.203	0.15	#_158       
 1969	1	3	 234.787	0.15	#_159       
 1970	1	3	 179.139	0.15	#_160       
 1971	1	3	 190.979	0.15	#_161       
 1972	1	3	 213.365	0.15	#_162       
 1973	1	3	 282.292	0.15	#_163       
 1974	1	3	 287.461	0.15	#_164       
 1975	1	3	 258.377	0.15	#_165       
 1976	1	3	  228.26	0.15	#_166       
 1977	1	3	 282.911	0.15	#_167       
 1978	1	3	 224.473	0.15	#_168       
 1979	1	3	 354.194	0.15	#_169       
 1980	1	3	 343.124	0.15	#_170       
 1981	1	3	 309.344	0.15	#_171       
 1982	1	3	  895.48	0.15	#_172       
 1983	1	3	 255.716	0.15	#_173       
 1984	1	3	 395.777	0.15	#_174       
 1985	1	3	 761.273	0.15	#_175       
 1986	1	3	 1002.93	0.15	#_176       
 1987	1	3	 1530.16	0.15	#_177       
 1988	1	3	  1564.8	0.15	#_178       
 1989	1	3	 973.556	0.15	#_179       
 1990	1	3	  1392.7	0.15	#_180       
 1991	1	3	 1959.47	0.15	#_181       
 1992	1	3	 1911.81	0.15	#_182       
 1993	1	3	 1166.47	0.15	#_183       
 1994	1	3	 1257.28	0.15	#_184       
 1995	1	3	 1212.22	0.15	#_185       
 1996	1	3	 633.773	0.15	#_186       
 1997	1	3	 750.617	0.15	#_187       
 1998	1	3	 392.659	0.15	#_188       
 1999	1	3	 716.008	0.15	#_189       
 2000	1	3	 366.934	0.15	#_190       
 2001	1	3	    1235	0.15	#_191       
 2002	1	3	 1186.06	0.15	#_192       
 2003	1	3	 1208.01	0.15	#_193       
 2004	1	3	  991.09	0.15	#_194       
 2005	1	3	 745.294	0.15	#_195       
 2006	1	3	 796.048	0.15	#_196       
 2007	1	3	  925.42	0.15	#_197       
 2008	1	3	 886.627	0.15	#_198       
 2009	1	3	 927.199	0.15	#_199       
 2010	1	3	 704.884	0.15	#_200       
 2011	1	3	 1535.02	0.15	#_201       
 2012	1	3	 959.221	0.15	#_202       
 2013	1	3	 1674.61	0.15	#_203       
 2014	1	3	 1703.48	0.15	#_204       
 2015	1	3	 1340.91	0.15	#_205       
 2016	1	3	 2055.49	0.15	#_206       
 2017	1	3	 2358.24	0.15	#_207       
 -999	1	4	       0	0.01	#_208       
 1950	1	4	     0.1	 0.1	#_209       
 1951	1	4	     0.1	 0.1	#_210       
 1952	1	4	     0.1	 0.1	#_211       
 1953	1	4	     0.1	 0.1	#_212       
 1954	1	4	     0.1	 0.1	#_213       
 1955	1	4	     0.1	 0.1	#_214       
 1956	1	4	     0.1	 0.1	#_215       
 1957	1	4	     0.1	 0.1	#_216       
 1958	1	4	     0.1	 0.1	#_217       
 1959	1	4	     0.1	 0.1	#_218       
 1960	1	4	     0.1	 0.1	#_219       
 1961	1	4	     0.1	 0.1	#_220       
 1962	1	4	     0.1	 0.1	#_221       
 1963	1	4	     0.1	 0.1	#_222       
 1964	1	4	     0.1	 0.1	#_223       
 1965	1	4	     0.1	 0.1	#_224       
 1966	1	4	     0.1	 0.1	#_225       
 1967	1	4	     0.1	 0.1	#_226       
 1968	1	4	     0.1	 0.1	#_227       
 1969	1	4	     0.1	 0.1	#_228       
 1970	1	4	     0.1	 0.1	#_229       
 1971	1	4	     0.1	 0.1	#_230       
 1972	1	4	     0.1	 0.1	#_231       
 1973	1	4	     0.1	 0.1	#_232       
 1974	1	4	     0.1	 0.1	#_233       
 1975	1	4	     0.1	 0.1	#_234       
 1976	1	4	     0.1	 0.1	#_235       
 1977	1	4	     0.1	 0.1	#_236       
 1978	1	4	     0.1	 0.1	#_237       
 1979	1	4	     0.1	 0.1	#_238       
 1980	1	4	     0.1	 0.1	#_239       
 1981	1	4	     0.1	 0.1	#_240       
 1982	1	4	     0.1	 0.1	#_241       
 1983	1	4	     0.1	 0.1	#_242       
 1984	1	4	     0.1	 0.1	#_243       
 1985	1	4	     0.1	 0.1	#_244       
 1986	1	4	     0.1	 0.1	#_245       
 1987	1	4	     0.1	 0.1	#_246       
 1988	1	4	     0.1	 0.1	#_247       
 1989	1	4	     0.1	 0.1	#_248       
 1990	1	4	     0.1	 0.1	#_249       
 1991	1	4	     0.1	 0.1	#_250       
 1992	1	4	     0.1	 0.1	#_251       
 1993	1	4	     0.1	 0.1	#_252       
 1994	1	4	     0.1	 0.1	#_253       
 1995	1	4	     0.1	 0.1	#_254       
 1996	1	4	     0.1	 0.1	#_255       
 1997	1	4	     0.1	 0.1	#_256       
 1998	1	4	     0.1	 0.1	#_257       
 1999	1	4	     0.1	 0.1	#_258       
 2000	1	4	     0.1	 0.1	#_259       
 2001	1	4	     0.1	 0.1	#_260       
 2002	1	4	     0.1	 0.1	#_261       
 2003	1	4	     0.1	 0.1	#_262       
 2004	1	4	     0.1	 0.1	#_263       
 2005	1	4	     0.1	 0.1	#_264       
 2006	1	4	     0.1	 0.1	#_265       
 2007	1	4	     0.1	 0.1	#_266       
 2008	1	4	     0.1	 0.1	#_267       
 2009	1	4	     0.1	 0.1	#_268       
 2010	1	4	     0.1	 0.1	#_269       
 2011	1	4	     0.1	 0.1	#_270       
 2012	1	4	     0.1	 0.1	#_271       
 2013	1	4	     0.1	 0.1	#_272       
 2014	1	4	     0.1	 0.1	#_273       
 2015	1	4	     0.1	 0.1	#_274       
 2016	1	4	     0.1	 0.1	#_275       
 2017	1	4	     0.1	 0.1	#_276       
-9999	0	0	       0	   0	#_terminator
#_CPUE_and_surveyabundance_observations
#_Units:  0=numbers; 1=biomass; 2=F; >=30 for special types
#_Errtype:  -1=normal; 0=lognormal; >0=T
#_SD_Report: 0=no sdreport; 1=enable sdreport
#_Fleet	Units	Errtype	SD_Report
1	 1	0	0	#_CM_E   
2	 1	0	0	#_CM_W   
3	 0	0	0	#_REC    
4	 2	0	0	#_SMP_BYC
5	 0	0	0	#_HB_E   
6	 0	0	0	#_HB_W   
7	30	0	0	#_LARVAL 
8	 0	0	0	#_VIDEO  
9	 0	0	0	#_SEAMAP 
#
#_CPUE_data
#_year	seas	index	obs	se_log
 1993	7	1	 0.598542	   0.224	#_1         
 1994	7	1	  1.03843	  0.1921	#_2         
 1995	7	1	 0.755542	  0.2148	#_3         
 1996	7	1	 0.870696	  0.1909	#_4         
 1997	7	1	  1.05645	  0.2007	#_5         
 1998	7	1	 0.937799	  0.2021	#_6         
 1999	7	1	  1.03322	  0.1857	#_7         
 2000	7	1	   1.2492	   0.217	#_8         
 2001	7	1	 0.911031	  0.2045	#_9         
 2002	7	1	  1.24244	  0.1891	#_10        
 2003	7	1	   1.1148	  0.1817	#_11        
 2004	7	1	    1.171	  0.1945	#_12        
 2005	7	1	  1.02678	  0.1913	#_13        
 2006	7	1	 0.499511	  0.2117	#_14        
 1993	7	2	 0.822812	  0.2946	#_15        
 1994	7	2	  1.09864	  0.2421	#_16        
 1995	7	2	  1.32006	  0.2502	#_17        
 1996	7	2	 0.893363	  0.2158	#_18        
 1997	7	2	 0.946098	  0.1657	#_19        
 1998	7	2	 0.751096	  0.1853	#_20        
 1999	7	2	 0.910345	  0.1597	#_21        
 2000	7	2	  1.04316	  0.1912	#_22        
 2001	7	2	  1.33835	  0.2006	#_23        
 2002	7	2	  1.03004	  0.1743	#_24        
 2003	7	2	 0.958307	  0.1571	#_25        
 2004	7	2	  1.04976	  0.1548	#_26        
 2005	7	2	 0.593116	  0.1823	#_27        
 2006	7	2	 0.869225	  0.2263	#_28        
 1986	7	3	  1.20344	  0.1343	#_29        
 1987	7	3	  1.05028	  0.2402	#_30        
 1988	7	3	 0.718272	  0.2702	#_31        
 1989	7	3	 0.939955	  0.3298	#_32        
 1990	7	3	  1.12708	  0.2462	#_33        
 1991	7	3	  1.13546	  0.1803	#_34        
 1992	7	3	 0.922513	  0.1364	#_35        
 1993	7	3	  1.16292	  0.1698	#_36        
 1994	7	3	 0.874775	  0.2315	#_37        
 1995	7	3	 0.932895	  0.2322	#_38        
 1996	7	3	 0.995781	  0.3018	#_39        
 1997	7	3	 0.565762	    0.22	#_40        
 1998	7	3	  1.05901	  0.1982	#_41        
 1999	7	3	 0.807517	  0.1405	#_42        
 2000	7	3	 0.985026	  0.2133	#_43        
 2001	7	3	  1.01358	  0.2051	#_44        
 2002	7	3	 0.823219	  0.2023	#_45        
 2003	7	3	 0.842251	  0.1792	#_46        
 2004	7	3	 0.894789	   0.144	#_47        
 2005	7	3	 0.507945	  0.1656	#_48        
 2006	7	3	  0.58064	  0.1823	#_49        
 2007	7	3	 0.476706	  0.2114	#_50        
 2008	7	3	  0.73585	  0.2243	#_51        
 2009	7	3	 0.846287	   0.225	#_52        
 2010	7	3	 0.608971	  0.2406	#_53        
 2011	7	3	 0.735211	  0.1556	#_54        
 2012	7	3	 0.867841	   0.185	#_55        
 2013	7	3	  1.19154	   0.213	#_56        
 2014	7	3	 0.716239	  0.1501	#_57        
 2015	7	3	 0.931551	   0.156	#_58        
 2016	7	3	 0.702232	  0.1563	#_59        
 2017	7	3	 0.616629	  0.1595	#_60        
 1950	7	4	0.0330787	     0.2	#_61        
 1951	7	4	0.0267224	     0.2	#_62        
 1952	7	4	0.0361481	     0.2	#_63        
 1953	7	4	0.0451221	     0.2	#_64        
 1954	7	4	0.0364157	     0.2	#_65        
 1955	7	4	0.0458336	     0.2	#_66        
 1956	7	4	0.0329958	     0.2	#_67        
 1957	7	4	 0.034673	     0.2	#_68        
 1958	7	4	0.0376946	     0.2	#_69        
 1959	7	4	 0.048374	     0.2	#_70        
 1960	7	4	0.0271861	     0.2	#_71        
 1961	7	4	0.0413061	     0.2	#_72        
 1962	7	4	0.0424606	     0.2	#_73        
 1963	7	4	0.0423029	     0.2	#_74        
 1964	7	4	0.0310267	     0.2	#_75        
 1965	7	4	0.0402776	     0.2	#_76        
 1966	7	4	0.0361867	     0.2	#_77        
 1967	7	4	0.0351456	     0.2	#_78        
 1968	7	4	0.0294636	     0.2	#_79        
 1969	7	4	0.0320656	     0.2	#_80        
 1970	7	4	0.0334899	     0.2	#_81        
 1971	7	4	0.0456954	     0.2	#_82        
 1972	7	4	0.0415614	     0.2	#_83        
 1973	7	4	0.0410374	     0.2	#_84        
 1974	7	4	0.0328913	     0.2	#_85        
 1975	7	4	 0.057313	     0.2	#_86        
 1976	7	4	0.0507281	     0.2	#_87        
 1977	7	4	0.0528502	     0.2	#_88        
 1978	7	4	0.0444657	     0.2	#_89        
 1979	7	4	0.0503496	     0.2	#_90        
 1980	7	4	0.0467337	     0.2	#_91        
 1981	7	4	0.0454159	     0.2	#_92        
 1982	7	4	0.0358162	     0.2	#_93        
 1983	7	4	0.0369151	     0.2	#_94        
 1984	7	4	0.0391652	     0.2	#_95        
 1985	7	4	0.0497524	     0.2	#_96        
 1986	7	4	0.0379679	     0.2	#_97        
 1987	7	4	0.0456028	     0.2	#_98        
 1988	7	4	0.0326367	     0.2	#_99        
 1989	7	4	0.0493072	     0.2	#_100       
 1990	7	4	0.0467238	     0.2	#_101       
 1991	7	4	0.0357087	     0.2	#_102       
 1992	7	4	0.0437426	     0.2	#_103       
 1993	7	4	0.0357045	     0.2	#_104       
 1994	7	4	  0.04234	     0.2	#_105       
 1995	7	4	0.0361228	     0.2	#_106       
 1996	7	4	 0.037719	     0.2	#_107       
 1997	7	4	 0.045064	     0.2	#_108       
 1998	7	4	0.0399205	     0.2	#_109       
 1999	7	4	0.0297146	     0.2	#_110       
 2000	7	4	0.0427701	     0.2	#_111       
 2001	7	4	0.0417115	     0.2	#_112       
 2002	7	4	0.0373656	     0.2	#_113       
 2003	7	4	0.0429443	     0.2	#_114       
 2004	7	4	 0.038779	     0.2	#_115       
 2005	7	4	0.0378837	     0.2	#_116       
 2006	7	4	0.0432473	     0.2	#_117       
 2007	7	4	0.0476748	     0.2	#_118       
 2008	7	4	0.0419557	     0.2	#_119       
 2009	7	4	0.0353275	     0.2	#_120       
 2010	7	4	0.0469009	     0.2	#_121       
 2011	7	4	 0.038672	     0.2	#_122       
 2012	7	4	0.0374735	     0.2	#_123       
 2013	7	4	0.0410385	     0.2	#_124       
 2014	7	4	0.0396264	     0.2	#_125       
 2015	7	4	0.0438465	     0.2	#_126       
 2016	7	4	0.0372959	     0.2	#_127       
 2017	7	4	0.0348539	     0.2	#_128       
 1986	7	5	  1.49032	  0.2867	#_129       
 1987	7	5	 0.922424	  0.2748	#_130       
 1988	7	5	  1.26885	  0.1925	#_131       
 1989	7	5	  1.04492	  0.1934	#_132       
 1990	7	5	  1.10292	  0.1798	#_133       
 1991	7	5	 0.949092	  0.1783	#_134       
 1992	7	5	 0.930875	  0.1707	#_135       
 1993	7	5	  1.06641	  0.1765	#_136       
 1994	7	5	 0.790857	  0.1742	#_137       
 1995	7	5	 0.743924	  0.1863	#_138       
 1996	7	5	   1.0681	  0.1988	#_139       
 1997	7	5	 0.905469	  0.1964	#_140       
 1998	7	5	 0.846814	  0.2188	#_141       
 1999	7	5	  1.62743	  0.2329	#_142       
 2000	7	5	  1.11198	   0.222	#_143       
 2001	7	5	  1.01295	  0.2137	#_144       
 2002	7	5	 0.925247	  0.2118	#_145       
 2003	7	5	  1.33531	   0.209	#_146       
 2004	7	5	 0.999425	   0.204	#_147       
 2005	7	5	  1.03901	  0.2055	#_148       
 2006	7	5	  1.04189	   0.221	#_149       
 2007	7	5	   1.0881	  0.2315	#_150       
 2008	7	5	  0.66269	  0.2009	#_151       
 2009	7	5	  1.09549	   0.197	#_152       
 2010	7	5	 0.928346	   0.215	#_153       
 2011	7	5	 0.856726	  0.1938	#_154       
 2012	7	5	 0.828352	  0.1944	#_155       
 2013	7	5	 0.826478	  0.1787	#_156       
 2014	7	5	  1.17819	  0.1678	#_157       
 2015	7	5	  1.16938	  0.1667	#_158       
 2016	7	5	 0.891023	  0.1586	#_159       
 2017	7	5	 0.700703	  0.1488	#_160       
 1986	7	6	   1.0558	  0.2083	#_161       
 1987	7	6	  1.29539	  0.1987	#_162       
 1988	7	6	  1.17195	  0.2146	#_163       
 1989	7	6	  0.79835	  0.2046	#_164       
 1990	7	6	 0.843801	  0.1904	#_165       
 1991	7	6	 0.951543	  0.1948	#_166       
 1992	7	6	 0.794745	  0.1829	#_167       
 1993	7	6	 0.828733	   0.171	#_168       
 1994	7	6	 0.767298	  0.1669	#_169       
 1995	7	6	 0.761775	  0.1657	#_170       
 1996	7	6	  1.16452	  0.1722	#_171       
 1997	7	6	  1.23339	  0.1842	#_172       
 1998	7	6	  1.02387	  0.1768	#_173       
 1999	7	6	  1.25432	  0.2036	#_174       
 2000	7	6	  1.15776	  0.1975	#_175       
 2001	7	6	 0.942296	  0.1901	#_176       
 2002	7	6	 0.814765	  0.1787	#_177       
 2003	7	6	 0.814429	   0.177	#_178       
 2004	7	6	 0.780948	  0.1741	#_179       
 2005	7	6	  1.07694	  0.1719	#_180       
 2006	7	6	 0.810632	  0.1868	#_181       
 2007	7	6	 0.825836	  0.1805	#_182       
 2008	7	6	 0.912441	   0.285	#_183       
 2009	7	6	 0.709207	  0.2194	#_184       
 2010	7	6	 0.798909	  0.2089	#_185       
 2011	7	6	 0.883875	  0.2093	#_186       
 2012	7	6	 0.782615	  0.2191	#_187       
 2013	7	6	 0.969629	  0.2211	#_188       
 2014	7	6	 0.995847	  0.2486	#_189       
 2015	7	6	  1.03757	  0.2178	#_190       
 2016	7	6	 0.906499	  0.2273	#_191       
 2017	7	6	 0.641313	  0.2523	#_192       
 1986	7	7	   1.8516	0.229322	#_193       
 1987	7	7	 0.918283	 0.18555	#_194       
 1990	7	7	 0.863189	 0.25466	#_195       
 1991	7	7	  1.21065	0.220455	#_196       
 1993	7	7	  1.26171	0.215298	#_197       
 1994	7	7	 0.867247	0.188572	#_198       
 1995	7	7	 0.932041	0.203662	#_199       
 1996	7	7	 0.760347	 0.20671	#_200       
 1997	7	7	  1.02661	0.185845	#_201       
 1999	7	7	  1.17322	0.204291	#_202       
 2000	7	7	  1.18984	0.207054	#_203       
 2001	7	7	 0.980819	0.196769	#_204       
 2003	7	7	  1.05678	0.182395	#_205       
 2006	7	7	 0.813797	0.192207	#_206       
 2007	7	7	 0.950546	0.177098	#_207       
 2009	7	7	 0.619336	0.186419	#_208       
 2010	7	7	 0.872089	0.192591	#_209       
 2011	7	7	  1.03042	0.194557	#_210       
 2012	7	7	 0.849133	0.190458	#_211       
 2013	7	7	 0.783825	0.196107	#_212       
 2014	7	7	  0.98448	0.194256	#_213       
 2016	7	7	 0.825588	0.195724	#_214       
 1993	7	8	  1.18957	0.295683	#_215       
 1994	7	8	  1.08656	0.216693	#_216       
 1995	7	8	 0.512627	0.507363	#_217       
 1996	7	8	  1.76722	0.291294	#_218       
 1997	7	8	  1.20045	0.196541	#_219       
 2002	7	8	  1.25179	0.223033	#_220       
 2004	7	8	  1.16546	0.213692	#_221       
 2005	7	8	 0.960759	0.160119	#_222       
 2006	7	8	  1.02228	 0.32592	#_223       
 2007	7	8	 0.772919	0.156685	#_224       
 2008	7	8	  1.19916	0.209761	#_225       
 2009	7	8	 0.849895	0.173403	#_226       
 2010	7	8	  1.23825	0.157207	#_227       
 2011	7	8	  1.04501	0.111457	#_228       
 2012	7	8	  1.09202	0.133449	#_229       
 2013	7	8	  1.07328	0.141149	#_230       
 2014	7	8	 0.910989	 0.11175	#_231       
 2015	7	8	 0.815052	0.132806	#_232       
 2016	7	8	  1.02749	0.117429	#_233       
 2017	7	8	  0.95986	0.124566	#_234       
 2009	7	9	  1.02711	0.243001	#_235       
 2010	7	9	   1.0859	0.265449	#_236       
 2011	7	9	 0.981479	0.261243	#_237       
 2012	7	9	 0.837224	0.207352	#_238       
 2013	7	9	   1.5092	0.253906	#_239       
 2014	7	9	  0.62534	0.260064	#_240       
 2015	7	9	 0.748252	0.226881	#_241       
 2016	7	9	 0.717951	0.228247	#_242       
 2017	7	9	 0.648797	0.250359	#_243       
-9999	0	0	        0	       0	#_terminator
4 #_N_discard_fleets
#_discard_units (1=same_as_catchunits(bio/num); 2=fraction; 3=numbers)
#_discard_errtype:  >0 for DF of T-dist(read CV below); 0 for normal with CV; -1 for normal with se; -2 for lognormal
#
#_discard_fleet_info
#_Fleet	units	errtype
1	1	-2	#_CM_E   
2	1	-2	#_CM_W   
3	1	-2	#_REC    
4	1	-2	#_SMP_BYC
#
#_discard_data
#_Yr	Seas	Flt	Discard	Std_in
 1993	 7	 1	19.6054	0.3	#_1         
 1994	 7	 1	 20.282	0.3	#_2         
 1995	 7	 1	8.03712	0.3	#_3         
 1996	 7	 1	9.17115	0.3	#_4         
 1997	 7	 1	 7.0868	0.3	#_5         
 1998	 7	 1	 10.866	0.3	#_6         
 1999	 7	 1	5.26991	0.3	#_7         
 2000	 7	 1	3.83072	0.3	#_8         
 2001	 7	 1	8.75153	0.3	#_9         
 2002	 7	 1	10.1615	0.3	#_10        
 2003	 7	 1	14.0623	0.3	#_11        
 2004	 7	 1	5.43416	0.3	#_12        
 2005	 7	 1	160.817	0.3	#_13        
 2006	 7	 1	136.244	0.3	#_14        
 2007	 7	 1	181.713	0.3	#_15        
 2008	 7	 1	73.7399	0.3	#_16        
 2009	 7	 1	  184.5	0.3	#_17        
 2010	 7	 1	 48.675	0.3	#_18        
 2011	 7	 1	73.8746	0.3	#_19        
 2012	 7	 1	44.6184	0.3	#_20        
 2013	 7	 1	40.6245	0.3	#_21        
 2014	 7	 1	88.4736	0.3	#_22        
 2015	 7	 1	17.5055	0.3	#_23        
 2016	 7	 1	32.7767	0.3	#_24        
 2017	 7	 1	31.7241	0.3	#_25        
 1993	 7	 2	8.55325	0.3	#_26        
 1994	 7	 2	 10.076	0.3	#_27        
 1995	 7	 2	4.87647	0.3	#_28        
 1996	 7	 2	6.86781	0.3	#_29        
 1997	 7	 2	6.93743	0.3	#_30        
 1998	 7	 2	6.53004	0.3	#_31        
 1999	 7	 2	4.43122	0.3	#_32        
 2000	 7	 2	4.78672	0.3	#_33        
 2001	 7	 2	 6.7793	0.3	#_34        
 2002	 7	 2	6.50685	0.3	#_35        
 2003	 7	 2	9.46217	0.3	#_36        
 2004	 7	 2	6.47885	0.3	#_37        
 2005	 7	 2	99.9389	0.3	#_38        
 2006	 7	 2	77.1485	0.3	#_39        
 2007	 7	 2	 84.893	0.3	#_40        
 2008	 7	 2	50.8782	0.3	#_41        
 2009	 7	 2	47.3127	0.3	#_42        
 2010	 7	 2	17.2586	0.3	#_43        
 2011	 7	 2	16.2619	0.3	#_44        
 2012	 7	 2	38.5597	0.3	#_45        
 2013	 7	 2	10.4839	0.3	#_46        
 2014	 7	 2	39.9532	0.3	#_47        
 2015	 7	 2	16.2463	0.3	#_48        
 2016	 7	 2	28.0467	0.3	#_49        
 2017	 7	 2	24.3979	0.3	#_50        
 1982	 7	 3	6.90682	0.3	#_51        
 1983	 7	 3	2.90289	0.3	#_52        
 1984	 7	 3	3.38318	0.3	#_53        
 1985	 7	 3	4.68156	0.3	#_54        
 1986	 7	 3	3.87829	0.3	#_55        
 1987	 7	 3	7.34648	0.3	#_56        
 1988	 7	 3	14.4022	0.3	#_57        
 1989	 7	 3	9.76572	0.3	#_58        
 1990	 7	 3	242.707	0.3	#_59        
 1991	 7	 3	397.445	0.3	#_60        
 1992	 7	 3	278.455	0.3	#_61        
 1993	 7	 3	191.753	0.3	#_62        
 1994	 7	 3	241.526	0.3	#_63        
 1995	 7	 3	341.297	0.3	#_64        
 1996	 7	 3	128.813	0.3	#_65        
 1997	 7	 3	511.952	0.3	#_66        
 1998	 7	 3	174.008	0.3	#_67        
 1999	 7	 3	524.234	0.3	#_68        
 2000	 7	 3	233.304	0.3	#_69        
 2001	 7	 3	861.477	0.3	#_70        
 2002	 7	 3	895.722	0.3	#_71        
 2003	 7	 3	476.439	0.3	#_72        
 2004	 7	 3	 596.46	0.3	#_73        
 2005	 7	 3	1274.87	0.3	#_74        
 2006	 7	 3	1274.72	0.3	#_75        
 2007	 7	 3	1093.77	0.3	#_76        
 2008	 7	 3	456.762	0.3	#_77        
 2009	 7	 3	1067.68	0.3	#_78        
 2010	 7	 3	489.987	0.3	#_79        
 2011	 7	 3	1829.28	0.3	#_80        
 2012	 7	 3	760.866	0.3	#_81        
 2013	 7	 3	1092.64	0.3	#_82        
 2014	 7	 3	1248.68	0.3	#_83        
 2015	 7	 3	674.304	0.3	#_84        
 2016	 7	 3	759.235	0.3	#_85        
 2017	 7	 3	 1212.2	0.3	#_86        
 1972	-7	 4	210.672	0.1	#_87        
 1973	 7	-4	220.474	0.5	#_88        
 1974	 7	-4	220.474	0.5	#_89        
 1975	 7	-4	220.474	0.5	#_90        
 1976	 7	-4	220.474	0.5	#_91        
 1977	 7	-4	220.474	0.5	#_92        
 1978	 7	-4	220.474	0.5	#_93        
 1979	 7	-4	220.474	0.5	#_94        
 1980	 7	-4	220.474	0.5	#_95        
 1981	 7	-4	220.474	0.5	#_96        
 1982	 7	-4	220.474	0.5	#_97        
 1983	 7	-4	220.474	0.5	#_98        
 1984	 7	-4	220.474	0.5	#_99        
 1985	 7	-4	220.474	0.5	#_100       
 1986	 7	-4	220.474	0.5	#_101       
 1987	 7	-4	220.474	0.5	#_102       
 1988	 7	-4	220.474	0.5	#_103       
 1989	 7	-4	220.474	0.5	#_104       
 1990	 7	-4	220.474	0.5	#_105       
 1991	 7	-4	220.474	0.5	#_106       
 1992	 7	-4	220.474	0.5	#_107       
 1993	 7	-4	220.474	0.5	#_108       
 1994	 7	-4	220.474	0.5	#_109       
 1995	 7	-4	220.474	0.5	#_110       
 1996	 7	-4	220.474	0.5	#_111       
 1997	 7	-4	220.474	0.5	#_112       
 1998	 7	-4	220.474	0.5	#_113       
 1999	 7	-4	220.474	0.5	#_114       
 2000	 7	-4	220.474	0.5	#_115       
 2001	 7	-4	220.474	0.5	#_116       
 2002	 7	-4	220.474	0.5	#_117       
 2003	 7	-4	220.474	0.5	#_118       
 2004	 7	-4	220.474	0.5	#_119       
 2005	 7	-4	220.474	0.5	#_120       
 2006	 7	-4	220.474	0.5	#_121       
 2007	 7	-4	220.474	0.5	#_122       
 2008	 7	-4	220.474	0.5	#_123       
 2009	 7	-4	220.474	0.5	#_124       
 2010	 7	-4	220.474	0.5	#_125       
 2011	 7	-4	220.474	0.5	#_126       
 2012	 7	-4	220.474	0.5	#_127       
 2013	 7	-4	220.474	0.5	#_128       
 2014	 7	-4	220.474	0.5	#_129       
 2015	 7	-4	220.474	0.5	#_130       
 2016	 7	-4	220.474	0.5	#_131       
 2017	-7	-4	220.474	0.5	#_132       
-9999	 0	 0	      0	  0	#_terminator
#
#_meanbodywt
0 #_use_meanbodywt
 #_DF_for_meanbodywt_T-distribution_like
#
#_population_length_bins
1 # length bin method: 1=use databins; 2=generate from binwidth,min,max below; 3=read vector
1 #_use_lencomp
#
#_len_info
#_mintailcomp	addtocomp	combine_M_F	CompressBins	CompError	ParmSelect	minsamplesize
1e-04	1e-07	0	0	0	0	1	#_CM_E   
1e-04	1e-07	0	0	0	0	1	#_CM_W   
1e-04	1e-07	0	0	0	0	1	#_REC    
1e-04	1e-07	0	0	0	0	1	#_SMP_BYC
1e-04	1e-07	0	0	0	0	1	#_HB_E   
1e-04	1e-07	0	0	0	0	1	#_HB_W   
1e-04	1e-07	0	0	0	0	1	#_LARVAL 
1e-04	1e-07	0	0	0	0	1	#_VIDEO  
1e-04	1e-07	0	0	0	0	1	#_SEAMAP 
12 #_N_lbins
#_lbin_vector
1 5 10 15 20 25 30 35 40 45 50 55 #_lbin_vector
#
#_lencomp
#_Yr	Seas	FltSvy	Gender	Part	Nsamp	l1	l5	l10	l15	l20	l25	l30	l35	l40	l45	l50	l55
 2002	7	8	0	0	 17	0	0	 3	 4	 7	 1	 1	 0	1	0	0	0	#_1         
 2004	7	8	0	0	  6	0	0	 0	 2	 0	 1	 3	 0	0	0	0	0	#_2         
 2005	7	8	0	0	 38	0	0	 4	 2	12	 8	 7	 2	3	0	0	0	#_3         
 2006	7	8	0	0	 18	0	0	 2	 2	 5	 5	 2	 2	0	0	0	0	#_4         
 2007	7	8	0	0	 11	0	0	 0	 3	 3	 1	 1	 2	1	0	0	0	#_5         
 2008	7	8	0	0	  8	0	0	 0	 2	 2	 3	 0	 0	1	0	0	0	#_6         
 2009	7	8	0	0	 25	0	0	 0	 8	 3	 9	 2	 2	0	1	0	0	#_7         
 2010	7	8	0	0	 32	0	0	 3	 5	 9	 5	 6	 1	3	0	0	0	#_8         
 2011	7	8	0	0	 47	0	2	 5	 7	13	 7	 7	 1	3	1	1	0	#_9         
 2012	7	8	0	0	 39	0	0	 2	10	12	 7	 2	 3	3	0	0	0	#_10        
 2013	7	8	0	0	100	0	0	 3	 7	25	33	15	11	6	0	0	0	#_11        
 2014	7	8	0	0	100	0	0	 3	 8	35	29	15	 5	3	1	1	0	#_12        
 2015	7	8	0	0	 74	0	1	 8	 7	28	16	 9	 3	1	1	0	0	#_13        
 2016	7	8	0	0	 32	0	1	 1	 2	11	 9	 5	 1	1	1	0	0	#_14        
 2017	7	8	0	0	100	0	0	11	21	37	15	10	 3	3	0	0	0	#_15        
 2009	7	9	0	0	 35	0	3	 6	14	11	 1	 0	 0	0	0	0	0	#_16        
 2010	7	9	0	0	100	0	7	20	37	32	 4	 0	 0	0	0	0	0	#_17        
 2011	7	9	0	0	 17	0	0	 2	 8	 6	 1	 0	 0	0	0	0	0	#_18        
 2012	7	9	0	0	 11	0	1	 2	 5	 3	 0	 0	 0	0	0	0	0	#_19        
 2013	7	9	0	0	 37	0	0	 4	16	15	 2	 0	 0	0	0	0	0	#_20        
 2014	7	9	0	0	 69	0	6	13	30	18	 2	 0	 0	0	0	0	0	#_21        
 2015	7	9	0	0	 37	0	1	 6	16	13	 1	 0	 0	0	0	0	0	#_22        
 2016	7	9	0	0	 38	0	4	 7	14	10	 3	 0	 0	0	0	0	0	#_23        
 2017	7	9	0	0	100	0	2	15	44	37	 2	 0	 0	0	0	0	0	#_24        
-9999	0	0	0	0	  0	0	0	 0	 0	 0	 0	 0	 0	0	0	0	0	#_terminator
14 #_N_agebins
#
#_agebin_vector
1 2 3 4 5 6 7 8 9 10 11 12 13 14 #_agebin_vector
#
#_ageing_error
1 #_N_ageerror_definitions
#_age0	age1	age2	age3	age4	age5	age6	age7	age8	age9	age10	age11	age12	age13	age14
  0.5	  1.5	  2.5	  3.5	  4.5	  5.5	  6.5	  7.5	  8.5	  9.5	 10.5	 11.5	 12.5	 13.5	 14.5	#_1
0.001	0.001	0.001	0.001	0.001	0.001	0.001	0.001	0.001	0.001	0.001	0.001	0.001	0.001	0.001	#_2
#
#_age_info
#_mintailcomp	addtocomp	combine_M_F	CompressBins	CompError	ParmSelect	minsamplesize
1e-04	1e-07	0	0	0	0	1	#_CM_E   
1e-04	1e-07	0	0	0	0	1	#_CM_W   
1e-04	1e-07	0	0	0	0	1	#_REC    
1e-04	1e-07	0	0	0	0	1	#_SMP_BYC
1e-04	1e-07	0	0	0	0	1	#_HB_E   
1e-04	1e-07	0	0	0	0	1	#_HB_W   
1e-04	1e-07	0	0	0	0	1	#_LARVAL 
1e-04	1e-07	0	0	0	0	1	#_VIDEO  
1e-04	1e-07	0	0	0	0	1	#_SEAMAP 
2 #_Lbin_method: 1=poplenbins; 2=datalenbins; 3=lengths
 #_combine males into females at or below this bin number
#_Yr	Seas	FltSvy	Gender	Part	Ageerr	Lbin_lo	Lbin_hi	Nsamp	a1	a2	a3	a4	a5	a6	a7	a8	a9	a10	a11	a12	a13	a14
 1995	7	1	0	2	1	-1	-1	  3	0	 0	 0	 0	 1	 1	 0	 0	 0	 0	0	1	0	 0	#_1         
 1998	7	1	0	2	1	-1	-1	  6	0	 1	 1	 1	 0	 2	 0	 0	 0	 0	0	1	0	 0	#_2         
 2000	7	1	0	2	1	-1	-1	  8	0	 0	 0	 2	 3	 0	 1	 0	 0	 0	0	0	1	 1	#_3         
 2001	7	1	0	2	1	-1	-1	 23	0	 2	 3	 3	 6	 2	 1	 0	 2	 1	0	1	1	 1	#_4         
 2002	7	1	0	2	1	-1	-1	100	1	 8	28	 9	 9	 8	16	 3	 6	 3	3	3	2	 1	#_5         
 2003	7	1	0	2	1	-1	-1	 23	0	 4	 4	 6	 4	 1	 3	 0	 0	 0	1	0	0	 0	#_6         
 2004	7	1	0	2	1	-1	-1	 33	0	 1	 9	 2	10	 2	 1	 1	 2	 1	0	1	2	 1	#_7         
 2005	7	1	0	2	1	-1	-1	100	0	 4	 8	11	11	24	 7	 5	 7	 7	4	3	2	 7	#_8         
 2006	7	1	0	2	1	-1	-1	 59	0	 1	 4	 5	16	 7	 4	 6	 4	 6	1	0	0	 5	#_9         
 2007	7	1	0	2	1	-1	-1	 54	0	 0	 9	10	 3	 6	 2	 9	 7	 0	4	0	2	 2	#_10        
 2008	7	1	0	2	1	-1	-1	100	0	 3	15	24	10	 5	 6	 5	 5	 1	4	5	2	15	#_11        
 2009	7	1	0	2	1	-1	-1	100	0	 9	17	18	 8	10	 6	 6	 4	 5	3	4	4	 6	#_12        
 2010	7	1	0	2	1	-1	-1	 32	0	 0	 8	 4	 5	 6	 1	 2	 3	 2	0	1	0	 0	#_13        
 2011	7	1	0	2	1	-1	-1	 87	0	 2	15	13	15	 6	11	 3	 5	 8	2	3	0	 4	#_14        
 2012	7	1	0	2	1	-1	-1	 99	0	 7	20	14	 8	 8	11	 7	 6	 4	2	3	4	 5	#_15        
 2013	7	1	0	2	1	-1	-1	 55	0	 5	20	 5	 5	 4	 4	 2	 2	 2	2	3	0	 1	#_16        
 2014	7	1	0	2	1	-1	-1	 79	0	 4	11	23	 9	 9	 5	 4	 3	 2	1	0	1	 7	#_17        
 2015	7	1	0	2	1	-1	-1	100	0	 1	16	22	26	12	 8	 3	 3	 1	1	1	1	 5	#_18        
 2016	7	1	0	2	1	-1	-1	100	0	 7	 7	27	16	14	 6	 5	 6	 1	2	3	0	 6	#_19        
 2017	7	1	0	2	1	-1	-1	100	0	 4	17	 9	17	 8	16	 5	 2	 4	5	5	2	 6	#_20        
 1994	7	2	0	2	1	-1	-1	  8	0	 0	 1	 1	 2	 0	 0	 1	 1	 0	1	0	0	 1	#_21        
 1995	7	2	0	2	1	-1	-1	  7	0	 0	 0	 0	 0	 2	 1	 0	 0	 4	0	0	0	 0	#_22        
 2000	7	2	0	2	1	-1	-1	 64	0	 0	 5	11	14	10	 5	 4	 4	 1	1	1	2	 6	#_23        
 2001	7	2	0	2	1	-1	-1	 48	0	 5	 4	 5	 8	10	 5	 1	 0	 3	0	2	1	 4	#_24        
 2002	7	2	0	2	1	-1	-1	 34	0	 0	 4	 5	 5	 6	 3	 0	 3	 1	1	0	2	 4	#_25        
 2003	7	2	0	2	1	-1	-1	 30	0	 0	 2	 3	 2	 3	 6	 4	 3	 2	1	2	1	 1	#_26        
 2004	7	2	0	2	1	-1	-1	100	0	 1	10	 5	19	26	 8	12	 6	 3	2	4	1	 3	#_27        
 2005	7	2	0	2	1	-1	-1	 21	0	 0	 2	 3	 0	 6	 3	 3	 0	 1	0	1	0	 2	#_28        
 2006	7	2	0	2	1	-1	-1	 16	0	 0	 1	 1	 2	 2	 3	 2	 0	 0	2	0	0	 3	#_29        
 2007	7	2	0	2	1	-1	-1	100	0	 0	11	 6	12	14	 6	 9	 6	 4	9	8	2	13	#_30        
 2008	7	2	0	2	1	-1	-1	100	0	 0	 2	18	 8	11	14	 4	16	 5	3	4	7	 8	#_31        
 2009	7	2	0	2	1	-1	-1	100	0	 2	 8	21	21	 3	 5	10	 6	 4	2	2	3	13	#_32        
 2010	7	2	0	2	1	-1	-1	 59	0	 0	 2	 7	 8	10	 3	 3	 6	 2	3	4	3	 8	#_33        
 2011	7	2	0	2	1	-1	-1	100	0	 0	 4	14	18	14	 6	 5	 3	13	6	9	4	 4	#_34        
 2012	7	2	0	2	1	-1	-1	 89	0	 2	 7	11	16	 9	10	 8	 8	 1	4	2	2	 9	#_35        
 2013	7	2	0	2	1	-1	-1	 48	0	 1	 6	 7	 5	 8	 8	 2	 2	 2	1	2	0	 4	#_36        
 2014	7	2	0	2	1	-1	-1	 47	0	 0	 5	13	 7	 8	 2	 0	 2	 0	2	1	1	 6	#_37        
 2015	7	2	0	2	1	-1	-1	 23	0	 0	 2	 1	 6	 3	 0	 2	 3	 3	0	0	0	 3	#_38        
 2016	7	2	0	2	1	-1	-1	 82	0	 2	 6	15	13	18	 7	 4	 3	 1	3	2	1	 7	#_39        
 2017	7	2	0	2	1	-1	-1	 89	0	 2	 3	12	19	15	16	 3	 5	 2	2	2	3	 5	#_40        
 1994	7	3	0	2	1	-1	-1	 13	0	 0	 2	 5	 4	 1	 1	 0	 0	 0	0	0	0	 0	#_41        
 1995	7	3	0	2	1	-1	-1	  6	0	 0	 2	 3	 1	 0	 0	 0	 0	 0	0	0	0	 0	#_42        
 1996	7	3	0	2	1	-1	-1	 77	0	 6	31	 8	13	 4	 5	 6	 0	 1	0	0	3	 0	#_43        
 1997	7	3	0	2	1	-1	-1	 15	0	 0	 5	 1	 3	 3	 2	 1	 0	 0	0	0	0	 0	#_44        
 1998	7	3	0	2	1	-1	-1	 13	0	 3	 2	 3	 3	 0	 1	 1	 0	 0	0	0	0	 0	#_45        
 1999	7	3	0	2	1	-1	-1	 25	0	 1	 4	 4	 4	 6	 3	 2	 1	 0	0	0	0	 0	#_46        
 2000	7	3	0	2	1	-1	-1	 61	0	 5	12	11	 9	11	 7	 4	 1	 0	0	0	1	 0	#_47        
 2001	7	3	0	2	1	-1	-1	  7	0	 0	 0	 3	 1	 1	 1	 1	 0	 0	0	0	0	 0	#_48        
 2002	7	3	0	2	1	-1	-1	 15	0	 1	 4	 2	 2	 1	 2	 0	 2	 1	0	0	0	 0	#_49        
 2003	7	3	0	2	1	-1	-1	 19	0	 2	 2	 6	 3	 3	 1	 1	 0	 1	0	0	0	 0	#_50        
 2004	7	3	0	2	1	-1	-1	  4	0	 0	 3	 0	 0	 0	 0	 1	 0	 0	0	0	0	 0	#_51        
 2005	7	3	0	2	1	-1	-1	 54	0	 2	 4	18	 5	10	 5	 3	 5	 0	2	0	0	 0	#_52        
 2006	7	3	0	2	1	-1	-1	 93	0	 2	12	13	20	12	18	 4	 3	 9	0	0	0	 0	#_53        
 2007	7	3	0	2	1	-1	-1	100	0	 3	17	20	11	20	 9	11	 3	 2	1	0	1	 2	#_54        
 2008	7	3	0	2	1	-1	-1	 42	1	 2	 5	10	 2	 7	 8	 1	 4	 0	0	1	1	 0	#_55        
 2009	7	3	0	2	1	-1	-1	100	0	13	23	17	18	 8	 5	 8	 1	 3	1	0	3	 0	#_56        
 2010	7	3	0	2	1	-1	-1	 20	0	 3	 3	 4	 3	 4	 2	 0	 1	 0	0	0	0	 0	#_57        
 2011	7	3	0	2	1	-1	-1	 78	1	 4	14	20	15	 8	 9	 1	 1	 2	1	2	0	 0	#_58        
 2012	7	3	0	2	1	-1	-1	100	2	12	18	19	21	11	 6	 2	 0	 2	3	1	1	 2	#_59        
 2013	7	3	0	2	1	-1	-1	100	1	 9	39	13	11	 7	12	 2	 2	 0	2	1	1	 0	#_60        
 2014	7	3	0	2	1	-1	-1	100	0	 6	19	34	13	14	 7	 4	 1	 0	0	0	1	 1	#_61        
 2015	7	3	0	2	1	-1	-1	 46	0	 1	13	10	 9	 5	 4	 1	 1	 2	0	0	0	 0	#_62        
 2016	7	3	0	2	1	-1	-1	100	0	 9	 8	27	20	20	 8	 4	 4	 0	0	0	0	 0	#_63        
 2017	7	3	0	2	1	-1	-1	100	0	 7	20	14	17	19	13	 6	 1	 1	0	0	1	 1	#_64        
-9999	0	0	0	0	0	 0	 0	  0	0	 0	 0	 0	 0	 0	 0	 0	 0	 0	0	0	0	 0	#_terminator
#
#_MeanSize_at_Age_obs
0 #_use_MeanSize_at_Age_obs
0 #_N_environ_variables
0 #_N_sizefreq_methods
0 #_do_tags
0 #_morphcomp_data
0 #_use_selectivity_priors
#
999
