#V3.30
#C data file created using the SS_writedat function in the R package r4ss
#C file write time: 2024-02-21 21:57:06.151521
#
1980 #_styr
2010 #_endyr
1 #_nseas
12 #_months_per_seas
2 #_Nsubseasons
1 #_spawn_month
2 #_Nsexes
95 #_Nages
1 #_N_areas
13 #_Nfleets
#_fleetinfo
#_type	surveytiming	area	units	need_catch_mult	fleetname
1	-1	1	1	0	TRAWL            	#_1 
1	-1	1	1	0	Trawl_Discard    	#_2 
1	-1	1	1	0	MIDWATER         	#_3 
1	-1	1	1	0	A-SHOP           	#_4 
1	-1	1	1	0	HKL              	#_5 
1	-1	1	1	0	Hkl_Discard      	#_6 
1	-1	1	1	0	OTHERS           	#_7 
1	-1	1	1	0	RECREATIONAL     	#_8 
3	 1	1	2	0	AFSC_triennial   	#_9 
3	 1	1	2	0	AFSC_slope       	#_10
3	 1	1	2	0	NWFSC_shelf_slope	#_11
3	 1	1	2	0	NWFSC_slope      	#_12
3	 1	1	2	0	IPHC             	#_13
#_Catch data
#_year	season	fleet	catch	catch_se
 -999	1	1	       0	0.05	#_1         
 1980	1	1	       0	0.01	#_2         
 1981	1	1	       0	0.01	#_3         
 1982	1	1	       0	0.01	#_4         
 1983	1	1	       0	0.01	#_5         
 1984	1	1	       0	0.01	#_6         
 1985	1	1	       0	0.01	#_7         
 1986	1	1	       0	0.01	#_8         
 1987	1	1	       0	0.01	#_9         
 1988	1	1	       0	0.01	#_10        
 1989	1	1	       0	0.01	#_11        
 1990	1	1	       0	0.01	#_12        
 1991	1	1	       0	0.01	#_13        
 1992	1	1	       0	0.01	#_14        
 1993	1	1	       0	0.01	#_15        
 1994	1	1	       0	0.01	#_16        
 1995	1	1	       0	0.01	#_17        
 1996	1	1	       0	0.01	#_18        
 1997	1	1	       0	0.01	#_19        
 1998	1	1	       0	0.01	#_20        
 1999	1	1	       0	0.01	#_21        
 2000	1	1	       0	0.01	#_22        
 2001	1	1	       0	0.01	#_23        
 2002	1	1	       0	0.01	#_24        
 2003	1	1	       0	0.01	#_25        
 2004	1	1	       0	0.01	#_26        
 2005	1	1	       0	0.01	#_27        
 2006	1	1	       0	0.01	#_28        
 2007	1	1	       0	0.01	#_29        
 2008	1	1	       0	0.01	#_30        
 2009	1	1	       0	0.01	#_31        
 2010	1	1	       0	0.01	#_32        
 -999	1	2	       0	0.01	#_33        
 1980	1	2	 794.688	0.05	#_34        
 1981	1	2	  977.66	0.05	#_35        
 1982	1	2	 929.854	0.05	#_36        
 1983	1	2	  545.22	0.05	#_37        
 1984	1	2	 963.767	0.05	#_38        
 1985	1	2	 987.778	0.05	#_39        
 1986	1	2	  834.88	0.05	#_40        
 1987	1	2	 956.668	0.05	#_41        
 1988	1	2	 966.882	0.05	#_42        
 1989	1	2	 888.203	0.05	#_43        
 1990	1	2	 920.623	0.05	#_44        
 1991	1	2	 635.931	0.05	#_45        
 1992	1	2	 465.326	0.05	#_46        
 1993	1	2	 567.904	0.05	#_47        
 1994	1	2	 345.568	0.05	#_48        
 1995	1	2	 940.093	0.05	#_49        
 1996	1	2	 984.317	0.05	#_50        
 1997	1	2	 961.941	0.05	#_51        
 1998	1	2	 902.595	0.05	#_52        
 1999	1	2	 872.688	0.05	#_53        
 2000	1	2	 874.582	0.05	#_54        
 2001	1	2	 982.879	0.05	#_55        
 2002	1	2	 899.054	0.05	#_56        
 2003	1	2	 817.187	0.05	#_57        
 2004	1	2	 1067.88	0.05	#_58        
 2005	1	2	 1383.74	0.05	#_59        
 2006	1	2	 900.072	0.05	#_60        
 2007	1	2	 628.008	0.05	#_61        
 2008	1	2	 1030.65	0.05	#_62        
 2009	1	2	 573.384	0.05	#_63        
 2010	1	2	 703.953	0.05	#_64        
 -999	1	3	       0	0.05	#_65        
 1980	1	3	       0	0.01	#_66        
 1981	1	3	       0	0.01	#_67        
 1982	1	3	       0	0.01	#_68        
 1983	1	3	       0	0.01	#_69        
 1984	1	3	       0	0.01	#_70        
 1985	1	3	       0	0.01	#_71        
 1986	1	3	       0	0.01	#_72        
 1987	1	3	       0	0.01	#_73        
 1988	1	3	       0	0.01	#_74        
 1989	1	3	       0	0.01	#_75        
 1990	1	3	       0	0.01	#_76        
 1991	1	3	       0	0.01	#_77        
 1992	1	3	       0	0.01	#_78        
 1993	1	3	       0	0.01	#_79        
 1994	1	3	       0	0.01	#_80        
 1995	1	3	       0	0.01	#_81        
 1996	1	3	       0	0.01	#_82        
 1997	1	3	       0	0.01	#_83        
 1998	1	3	       0	0.01	#_84        
 1999	1	3	       0	0.01	#_85        
 2000	1	3	       0	0.01	#_86        
 2001	1	3	       0	0.01	#_87        
 2002	1	3	       0	0.01	#_88        
 2003	1	3	       0	0.01	#_89        
 2004	1	3	       0	0.01	#_90        
 2005	1	3	       0	0.01	#_91        
 2006	1	3	       0	0.01	#_92        
 2007	1	3	       0	0.01	#_93        
 2008	1	3	       0	0.01	#_94        
 2009	1	3	       0	0.01	#_95        
 2010	1	3	       0	0.01	#_96        
 -999	1	4	       0	0.01	#_97        
 1980	1	4	       0	0.01	#_98        
 1981	1	4	       0	0.01	#_99        
 1982	1	4	       0	0.01	#_100       
 1983	1	4	       0	0.01	#_101       
 1984	1	4	       0	0.01	#_102       
 1985	1	4	       0	0.01	#_103       
 1986	1	4	       0	0.01	#_104       
 1987	1	4	       0	0.01	#_105       
 1988	1	4	       0	0.01	#_106       
 1989	1	4	       0	0.01	#_107       
 1990	1	4	       0	0.01	#_108       
 1991	1	4	       0	0.01	#_109       
 1992	1	4	       0	0.01	#_110       
 1993	1	4	       0	0.01	#_111       
 1994	1	4	       0	0.01	#_112       
 1995	1	4	       0	0.01	#_113       
 1996	1	4	       0	0.01	#_114       
 1997	1	4	       0	0.01	#_115       
 1998	1	4	       0	0.01	#_116       
 1999	1	4	       0	0.01	#_117       
 2000	1	4	       0	0.01	#_118       
 2001	1	4	       0	0.01	#_119       
 2002	1	4	       0	0.01	#_120       
 2003	1	4	       0	0.01	#_121       
 2004	1	4	       0	0.01	#_122       
 2005	1	4	       0	0.01	#_123       
 2006	1	4	       0	0.01	#_124       
 2007	1	4	       0	0.01	#_125       
 2008	1	4	       0	0.01	#_126       
 2009	1	4	       0	0.01	#_127       
 2010	1	4	       0	0.01	#_128       
 -999	1	5	       0	0.01	#_129       
 1980	1	5	       0	0.01	#_130       
 1981	1	5	       0	0.01	#_131       
 1982	1	5	       0	0.01	#_132       
 1983	1	5	       0	0.01	#_133       
 1984	1	5	       0	0.01	#_134       
 1985	1	5	       0	0.01	#_135       
 1986	1	5	       0	0.01	#_136       
 1987	1	5	       0	0.01	#_137       
 1988	1	5	       0	0.01	#_138       
 1989	1	5	       0	0.01	#_139       
 1990	1	5	       0	0.01	#_140       
 1991	1	5	       0	0.01	#_141       
 1992	1	5	       0	0.01	#_142       
 1993	1	5	       0	0.01	#_143       
 1994	1	5	       0	0.01	#_144       
 1995	1	5	       0	0.01	#_145       
 1996	1	5	       0	0.01	#_146       
 1997	1	5	       0	0.01	#_147       
 1998	1	5	       0	0.01	#_148       
 1999	1	5	       0	0.01	#_149       
 2000	1	5	       0	0.01	#_150       
 2001	1	5	       0	0.01	#_151       
 2002	1	5	       0	0.01	#_152       
 2003	1	5	       0	0.01	#_153       
 2004	1	5	       0	0.01	#_154       
 2005	1	5	       0	0.01	#_155       
 2006	1	5	       0	0.01	#_156       
 2007	1	5	       0	0.01	#_157       
 2008	1	5	       0	0.01	#_158       
 2009	1	5	       0	0.01	#_159       
 2010	1	5	       0	0.01	#_160       
 -999	1	6	       0	0.01	#_161       
 1980	1	6	       0	0.01	#_162       
 1981	1	6	       0	0.01	#_163       
 1982	1	6	       0	0.01	#_164       
 1983	1	6	       0	0.01	#_165       
 1984	1	6	       0	0.01	#_166       
 1985	1	6	       0	0.01	#_167       
 1986	1	6	       0	0.01	#_168       
 1987	1	6	       0	0.01	#_169       
 1988	1	6	       0	0.01	#_170       
 1989	1	6	       0	0.01	#_171       
 1990	1	6	       0	0.01	#_172       
 1991	1	6	       0	0.01	#_173       
 1992	1	6	       0	0.01	#_174       
 1993	1	6	       0	0.01	#_175       
 1994	1	6	       0	0.01	#_176       
 1995	1	6	       0	0.01	#_177       
 1996	1	6	       0	0.01	#_178       
 1997	1	6	       0	0.01	#_179       
 1998	1	6	       0	0.01	#_180       
 1999	1	6	       0	0.01	#_181       
 2000	1	6	       0	0.01	#_182       
 2001	1	6	       0	0.01	#_183       
 2002	1	6	       0	0.01	#_184       
 2003	1	6	       0	0.01	#_185       
 2004	1	6	       0	0.01	#_186       
 2005	1	6	       0	0.01	#_187       
 2006	1	6	       0	0.01	#_188       
 2007	1	6	       0	0.01	#_189       
 2008	1	6	       0	0.01	#_190       
 2009	1	6	       0	0.01	#_191       
 2010	1	6	       0	0.01	#_192       
 -999	1	7	       0	0.01	#_193       
 1980	1	7	       0	0.01	#_194       
 1981	1	7	       0	0.01	#_195       
 1982	1	7	       0	0.01	#_196       
 1983	1	7	       0	0.01	#_197       
 1984	1	7	       0	0.01	#_198       
 1985	1	7	       0	0.01	#_199       
 1986	1	7	       0	0.01	#_200       
 1987	1	7	       0	0.01	#_201       
 1988	1	7	       0	0.01	#_202       
 1989	1	7	       0	0.01	#_203       
 1990	1	7	       0	0.01	#_204       
 1991	1	7	       0	0.01	#_205       
 1992	1	7	       0	0.01	#_206       
 1993	1	7	       0	0.01	#_207       
 1994	1	7	       0	0.01	#_208       
 1995	1	7	       0	0.01	#_209       
 1996	1	7	       0	0.01	#_210       
 1997	1	7	       0	0.01	#_211       
 1998	1	7	       0	0.01	#_212       
 1999	1	7	       0	0.01	#_213       
 2000	1	7	       0	0.01	#_214       
 2001	1	7	       0	0.01	#_215       
 2002	1	7	       0	0.01	#_216       
 2003	1	7	       0	0.01	#_217       
 2004	1	7	       0	0.01	#_218       
 2005	1	7	       0	0.01	#_219       
 2006	1	7	       0	0.01	#_220       
 2007	1	7	       0	0.01	#_221       
 2008	1	7	       0	0.01	#_222       
 2009	1	7	       0	0.01	#_223       
 2010	1	7	       0	0.01	#_224       
 -999	1	8	       0	0.01	#_225       
 1980	1	8	0.112399	0.05	#_226       
 1981	1	8	 29.5718	0.05	#_227       
 1982	1	8	 46.7433	0.05	#_228       
 1983	1	8	 17.8687	0.05	#_229       
 1984	1	8	 17.5931	0.05	#_230       
 1985	1	8	 48.2602	0.05	#_231       
 1986	1	8	 64.2943	0.05	#_232       
 1987	1	8	 7.60418	0.05	#_233       
 1988	1	8	 48.1827	0.05	#_234       
 1989	1	8	 24.9472	0.05	#_235       
 1990	1	8	 25.7638	0.05	#_236       
 1991	1	8	 27.1133	0.05	#_237       
 1992	1	8	 23.5841	0.05	#_238       
 1993	1	8	 23.1795	0.05	#_239       
 1994	1	8	 11.2335	0.05	#_240       
 1995	1	8	  19.472	0.05	#_241       
 1996	1	8	 19.1494	0.05	#_242       
 1997	1	8	 4.51349	0.05	#_243       
 1998	1	8	0.775798	0.05	#_244       
 1999	1	8	 10.3997	0.05	#_245       
 2000	1	8	 9.41417	0.05	#_246       
 2001	1	8	 9.36725	0.05	#_247       
 2002	1	8	 16.0167	0.05	#_248       
 2003	1	8	  11.702	0.05	#_249       
 2004	1	8	 2.42579	0.05	#_250       
 2005	1	8	 4.19863	0.05	#_251       
 2006	1	8	 3.56081	0.05	#_252       
 2007	1	8	 5.82278	0.05	#_253       
 2008	1	8	 2.81421	0.05	#_254       
 2009	1	8	 4.06872	0.05	#_255       
 2010	1	8	 2.12359	0.05	#_256       
-9999	0	0	       0	   0	#_terminator
#_CPUE_and_surveyabundance_observations
#_Units:  0=numbers; 1=biomass; 2=F; >=30 for special types
#_Errtype:  -1=normal; 0=lognormal; >0=T
#_SD_Report: 0=no sdreport; 1=enable sdreport
#_Fleet	Units	Errtype	SD_Report
 1	1	0	0	#_TRAWL            
 2	1	0	0	#_Trawl_Discard    
 3	1	0	0	#_MIDWATER         
 4	1	0	0	#_A-SHOP           
 5	1	0	0	#_HKL              
 6	1	0	0	#_Hkl_Discard      
 7	1	0	0	#_OTHERS           
 8	1	0	0	#_RECREATIONAL     
 9	1	0	0	#_AFSC_triennial   
10	1	0	0	#_AFSC_slope       
11	1	0	0	#_NWFSC_shelf_slope
12	1	0	0	#_NWFSC_slope      
13	0	0	0	#_IPHC             
#
#_CPUE_data
#_year	seas	index	obs	se_log
 1980	7	 9	  30908.7	 0.151894	#_1         
 1983	7	 9	  20115.5	 0.118064	#_2         
 1986	7	 9	  21670.5	0.0791693	#_3         
 1989	7	 9	  54633.1	0.0929376	#_4         
 1992	7	 9	  17045.8	 0.122436	#_5         
 1995	7	 9	  60139.1	 0.113045	#_6         
 1998	7	 9	  18982.6	0.0884319	#_7         
 2001	7	 9	  14585.8	 0.130304	#_8         
 2004	7	 9	  31782.5	 0.130246	#_9         
 1997	7	10	  25269.3	 0.208844	#_10        
 1999	7	10	   209579	 0.225988	#_11        
 2000	7	10	   130062	 0.305577	#_12        
 2001	7	10	   113586	 0.274456	#_13        
 2003	7	11	  5929.79	 0.160463	#_14        
 2004	7	11	    39110	 0.108161	#_15        
 2005	7	11	  34590.5	 0.085744	#_16        
 2006	7	11	  83409.9	0.0986847	#_17        
 2007	7	11	  37563.3	 0.106461	#_18        
 2008	7	11	  39858.5	0.0895469	#_19        
 2009	7	11	  19322.7	0.0960376	#_20        
 2010	7	11	  33498.2	0.0974445	#_21        
 1998	7	12	  2820.74	 0.294833	#_22        
 1999	7	12	  577.194	 0.373825	#_23        
 2000	7	12	  2558.99	 0.263906	#_24        
 2001	7	12	  17493.8	 0.289792	#_25        
 2002	7	12	  14679.8	 0.224642	#_26        
 1999	7	13	 0.040318	0.0404267	#_27        
 2001	7	13	0.0408209	  0.06015	#_28        
 2002	7	13	0.0391178	0.0638011	#_29        
 2003	7	13	0.0349142	0.0585752	#_30        
 2004	7	13	0.0402554	0.0694216	#_31        
 2005	7	13	0.0376173	0.0451848	#_32        
 2006	7	13	 0.031372	0.0608805	#_33        
 2007	7	13	0.0252844	0.0451782	#_34        
 2008	7	13	0.0376171	0.0528482	#_35        
 2009	7	13	0.0359432	0.0484689	#_36        
 2010	7	13	0.0243982	0.0479552	#_37        
-9999	0	 0	        0	        0	#_terminator
0 #_N_discard_fleets
#_discard_units (1=same_as_catchunits(bio/num); 2=fraction; 3=numbers)
#_discard_errtype:  >0 for DF of T-dist(read CV below); 0 for normal with CV; -1 for normal with se; -2 for lognormal
#
#_discard_fleet_info
#
#_discard_data
#
#_meanbodywt
1 #_use_meanbodywt
30 #_DF_for_meanbodywt_T-distribution_like
#_Year	Seas	Fleet	Partition	Type	Value	Std_in
 2002	7	2	0	2	 1.47476	0.5	#_1         
 2003	7	2	0	2	 1.73694	0.5	#_2         
 2004	7	2	0	2	 1.30513	0.5	#_3         
 2005	7	2	0	2	 1.41609	0.5	#_4         
 2002	7	6	0	2	0.488535	0.5	#_5         
 2003	7	6	0	2	 1.50123	0.5	#_6         
 2004	7	6	0	2	0.531926	0.5	#_7         
 2005	7	6	0	2	 1.72031	0.5	#_8         
-9999	0	0	0	0	       0	  0	#_terminator
#
#_population_length_bins
2 # length bin method: 1=use databins; 2=generate from binwidth,min,max below; 3=read vector
2 # binwidth for population size comp
10 # minimum size in the population (lower edge of first bin and size at age 0.00)
136 # maximum size in the population (lower edge of last bin)
1 #_use_lencomp
#
#_len_info
#_mintailcomp	addtocomp	combine_M_F	CompressBins	CompError	ParmSelect	minsamplesize
-1	1e-05	0	0	0	0	1	#_TRAWL            
-1	1e-05	0	0	0	0	1	#_Trawl_Discard    
-1	1e-05	0	0	0	0	1	#_MIDWATER         
-1	1e-05	0	0	0	0	1	#_A-SHOP           
-1	1e-05	0	0	0	0	1	#_HKL              
-1	1e-05	0	0	0	0	1	#_Hkl_Discard      
-1	1e-05	0	0	0	0	1	#_OTHERS           
-1	1e-05	0	0	0	0	1	#_RECREATIONAL     
-1	1e-05	0	0	0	0	1	#_AFSC_triennial   
-1	1e-05	0	0	0	0	1	#_AFSC_slope       
-1	1e-05	0	0	0	0	1	#_NWFSC_shelf_slope
-1	1e-05	0	0	0	0	1	#_NWFSC_slope      
-1	1e-05	0	0	0	0	1	#_IPHC             
31 #_N_lbins
#_lbin_vector
12 16 20 24 28 32 36 40 44 48 52 56 60 64 68 72 76 80 84 88 92 96 100 104 108 112 116 120 124 128 132 #_lbin_vector
#
#_lencomp
#_Yr	Seas	FltSvy	Gender	Part	Nsamp	f12	f16	f20	f24	f28	f32	f36	f40	f44	f48	f52	f56	f60	f64	f68	f72	f76	f80	f84	f88	f92	f96	f100	f104	f108	f112	f116	f120	f124	f128	f132	m12	m16	m20	m24	m28	m32	m36	m40	m44	m48	m52	m56	m60	m64	m68	m72	m76	m80	m84	m88	m92	m96	m100	m104	m108	m112	m116	m120	m124	m128	m132
 2003	7	 1	3	0	  2	0	0	0	0	0	0	 0	0	 0	 0	 0	 0	 1	 1	 0	 0	 0	 0	 0	0	0	0	0	0	0	0	0	0	0	0	0	0	0	0	0	0	0	0	 0	 0	 0	 0	 0	 0	 0	 0	 0	 0	 0	 0	0	0	0	0	0	0	0	0	0	0	0	0	#_1         
 2006	7	 1	3	0	 25	0	0	0	0	0	0	 0	0	 0	 1	 0	 0	 0	 0	 2	 1	 2	 1	 1	0	0	2	2	0	0	0	0	0	0	0	0	0	0	0	0	0	0	0	 0	 0	 0	 0	 0	 0	 0	 0	 2	 5	 1	 2	2	1	0	0	0	0	0	0	0	0	0	0	#_2         
 2007	7	 1	3	0	 42	0	0	0	0	0	0	 0	0	 1	 0	 0	 0	 0	 0	 0	 3	 0	 1	 3	3	2	3	1	3	1	0	0	0	0	1	1	0	0	0	1	0	0	0	 0	 0	 1	 0	 0	 0	 0	 2	 0	 2	 3	 6	3	1	0	0	0	0	0	0	0	0	0	0	#_3         
 2009	7	 1	3	0	 18	0	0	0	0	0	0	 0	0	 0	 1	 1	 0	 0	 0	 0	 0	 0	 1	 0	0	0	1	1	0	1	0	2	0	0	0	1	0	0	0	0	0	0	0	 0	 0	 0	 0	 1	 0	 0	 1	 1	 1	 3	 0	0	0	1	1	0	0	0	0	0	0	0	0	#_4         
 2004	7	 2	3	0	 17	0	0	0	0	0	0	 0	0	 1	 1	 3	 2	 1	 1	 1	 1	 0	 0	 0	0	0	0	0	0	0	0	0	0	0	0	0	0	0	0	0	0	1	0	 0	 0	 0	 0	 2	 0	 1	 1	 1	 0	 0	 0	0	0	0	0	0	0	0	0	0	0	0	0	#_5         
 2006	7	 2	3	0	400	0	0	0	4	1	3	 4	8	17	 7	10	16	 9	15	14	18	11	 7	 4	6	5	3	5	3	0	1	0	0	0	0	0	0	0	0	1	2	2	0	 4	 5	10	19	18	32	29	27	25	15	20	13	4	3	0	0	0	0	0	0	0	0	0	0	#_6         
 2007	7	 2	3	0	298	0	0	0	2	2	1	 3	4	 8	 8	11	17	12	13	 6	12	10	 4	 1	5	2	2	2	3	0	2	0	2	0	0	1	0	1	1	0	2	1	1	 1	 3	 8	17	13	17	26	25	16	11	10	 8	3	1	0	0	0	0	0	0	0	0	0	0	#_7         
 2008	7	 2	3	0	138	0	0	0	0	0	0	 1	1	 6	 7	 6	 7	 4	 4	 5	 6	 4	 3	 2	1	6	0	0	2	1	1	0	0	0	0	1	0	0	0	0	0	0	1	 1	 2	 0	 5	10	 2	 9	 6	 8	13	 9	 1	3	0	0	0	0	0	0	0	0	0	0	0	#_8         
 2009	7	 2	3	0	565	0	1	0	4	3	3	11	9	14	 4	16	25	29	29	20	13	15	14	13	7	8	7	3	4	3	4	1	1	1	0	0	0	0	0	2	4	3	6	12	11	16	15	23	32	35	35	33	41	20	10	2	3	0	0	0	0	0	0	0	0	0	0	#_9         
 2005	7	 3	3	0	 21	0	0	0	0	0	0	 0	0	 0	 1	 1	 0	 1	 3	 0	 0	 3	 0	 0	0	0	0	0	0	0	0	0	0	0	0	0	0	0	0	0	0	0	1	 0	 3	 2	 1	 2	 1	 0	 0	 0	 1	 0	 0	0	1	0	0	0	0	0	0	0	0	0	0	#_10        
 2006	7	 3	3	0	 56	0	0	0	0	0	0	 0	0	 2	 7	 2	 5	 1	 1	 4	 1	 0	 2	 0	0	1	0	1	0	0	0	0	0	0	0	0	0	0	0	0	0	0	0	 0	 4	 1	 4	 3	 4	 2	 5	 1	 1	 3	 0	1	0	0	0	0	0	0	0	0	0	0	0	#_11        
 2007	7	 3	3	0	106	0	0	0	0	0	1	 0	2	 4	 4	 9	 5	 8	 5	 6	 4	 0	 0	 0	1	1	0	0	1	0	0	0	0	0	0	0	0	0	0	0	0	1	1	 0	 1	 7	 4	 7	 8	 6	 6	 5	 3	 2	 4	0	0	0	0	0	0	0	0	0	0	0	0	#_12        
 2008	7	 3	3	0	 21	0	0	0	0	0	0	 0	0	 0	 1	 1	 0	 3	 3	 1	 1	 0	 0	 0	0	0	1	0	0	0	0	0	0	0	0	0	0	0	0	0	0	0	0	 0	 0	 2	 3	 2	 0	 1	 2	 0	 0	 0	 0	0	0	0	0	0	0	0	0	0	0	0	0	#_13        
 2009	7	 3	3	0	 28	0	0	0	0	0	0	 0	0	 0	 0	 2	 1	 0	 3	 0	 1	 2	 0	 0	0	1	0	0	0	0	0	0	0	0	0	0	0	0	0	0	0	0	0	 1	 1	 2	 0	 0	 4	 3	 1	 2	 2	 1	 1	0	0	0	0	0	0	0	0	0	0	0	0	#_14        
 2010	7	 3	3	0	 78	0	0	0	0	0	0	 2	0	 1	 4	 2	 4	 5	 0	 2	 3	 2	 1	 2	1	0	2	0	3	0	1	0	0	0	0	0	0	0	0	0	1	0	1	 0	 1	 4	 4	 5	 5	 6	 4	 5	 2	 2	 2	1	0	0	0	0	0	0	0	0	0	0	0	#_15        
 2007	7	 4	3	0	 80	0	0	0	0	0	0	 1	2	 1	 4	 6	 8	 6	 4	 3	 2	 1	 0	 1	1	1	0	0	0	0	0	0	0	0	0	0	0	0	0	0	0	0	1	 1	 2	 3	 5	 6	 5	 4	 2	 5	 5	 0	 0	0	0	0	0	0	0	0	0	0	0	0	0	#_16        
 2008	7	 4	3	0	438	0	0	0	0	0	1	 3	9	12	22	24	26	20	12	16	 9	11	 4	 3	2	3	2	2	5	1	1	2	0	0	1	0	0	0	0	0	0	0	2	 5	 9	26	32	26	20	35	27	23	18	10	10	2	2	0	0	0	0	0	0	0	0	0	0	#_17        
 2009	7	 4	3	0	118	0	0	1	0	0	1	 2	4	 3	 6	 3	 7	 5	 2	 3	 5	 4	 0	 2	0	1	1	0	1	0	0	0	0	0	0	0	0	0	0	0	0	0	0	 2	 3	 6	11	 4	10	 3	10	 8	 4	 2	 4	0	0	0	0	0	0	0	0	0	0	0	0	#_18        
 2010	7	 4	3	0	234	0	0	0	0	0	0	 0	4	 6	14	14	12	11	11	11	 6	 5	 6	 3	3	2	0	0	0	1	0	0	0	0	0	0	0	0	0	0	0	1	0	 5	 4	10	14	21	12	14	15	 8	 7	 7	 3	4	0	0	0	0	0	0	0	0	0	0	0	#_19        
 2003	7	 5	3	0	 12	0	0	0	0	0	0	 0	0	 1	 0	 0	 0	 1	 0	 0	 1	 1	 0	 0	0	1	1	1	1	0	0	0	1	0	0	0	0	0	0	0	0	0	0	 0	 0	 0	 0	 0	 0	 0	 0	 1	 0	 1	 0	0	1	0	0	0	0	0	0	0	0	0	0	#_20        
 2004	7	 5	3	0	  9	0	0	0	0	0	0	 0	0	 0	 0	 0	 1	 0	 0	 0	 0	 0	 1	 1	0	0	0	1	0	1	0	0	0	0	0	1	0	0	0	0	0	0	0	 0	 0	 0	 0	 0	 0	 1	 0	 0	 0	 2	 0	0	0	0	0	0	0	0	0	0	0	0	0	#_21        
 2006	7	 5	3	0	 49	0	0	0	1	0	0	 0	0	 0	 0	 0	 0	 0	 0	 1	 1	 1	 1	 5	2	4	1	3	1	2	2	3	0	0	0	0	0	0	0	0	0	0	0	 1	 0	 0	 0	 0	 0	 0	 2	 5	 3	 5	 1	3	1	0	0	0	0	0	0	0	0	0	0	#_22        
 2007	7	 5	3	0	 39	0	0	0	1	0	0	 1	1	 0	 0	 0	 0	 0	 0	 0	 2	 2	 4	 1	3	3	1	1	1	0	0	0	1	1	0	1	0	0	0	0	0	0	0	 0	 0	 0	 0	 1	 1	 1	 3	 1	 2	 2	 1	1	2	0	0	0	0	0	0	0	0	0	0	#_23        
 2008	7	 5	3	0	 74	0	0	1	0	1	0	 0	0	 0	 0	 1	 0	 1	 0	 2	 5	 3	 3	 6	5	4	5	4	5	3	1	1	1	0	1	1	0	0	0	0	0	0	0	 0	 0	 1	 0	 0	 0	 1	 2	 2	 1	 3	 4	5	1	0	0	0	0	0	0	0	0	0	0	#_24        
 2009	7	 5	3	0	 24	0	0	0	0	1	0	 0	0	 0	 0	 0	 0	 0	 0	 0	 1	 2	 0	 1	4	3	2	1	0	0	1	0	0	0	0	0	0	0	0	0	0	0	0	 0	 0	 0	 0	 1	 0	 0	 0	 2	 2	 2	 0	1	0	0	0	0	0	0	0	0	0	0	0	#_25        
 2003	7	 6	0	0	 22	0	0	0	0	0	0	 0	0	 0	 0	 2	 1	 2	 2	 5	 1	 3	 5	 0	0	0	0	0	1	0	0	0	0	0	0	0	0	0	0	0	0	0	0	 0	 0	 0	 0	 0	 0	 0	 0	 0	 0	 0	 0	0	0	0	0	0	0	0	0	0	0	0	0	#_26        
 2004	7	 6	0	0	 13	0	0	0	0	0	0	 0	0	 0	 2	 0	 1	 0	 5	 4	 0	 0	 0	 0	1	0	0	0	0	0	0	0	0	0	0	0	0	0	0	0	0	0	0	 0	 0	 0	 0	 0	 0	 0	 0	 0	 0	 0	 0	0	0	0	0	0	0	0	0	0	0	0	0	#_27        
 2006	7	 6	3	0	374	0	0	0	1	0	1	 0	3	 3	 4	13	27	32	11	12	16	12	 4	 5	6	5	1	3	1	2	1	1	0	1	0	0	0	0	0	1	1	0	0	 2	 2	 5	16	23	25	33	29	20	23	10	10	6	3	0	0	0	0	0	0	0	0	0	0	#_28        
 2007	7	 6	3	0	411	0	1	0	0	0	0	 1	0	 2	10	12	15	25	23	23	16	11	11	 9	7	4	3	5	2	2	0	1	0	1	0	3	0	1	0	1	0	0	1	 4	 4	 8	15	19	37	36	21	24	17	19	 9	5	3	0	0	0	0	0	0	0	0	0	0	#_29        
 2008	7	 6	3	0	 18	0	0	0	0	0	0	 0	0	 0	 0	 1	 2	 0	 1	 1	 0	 0	 0	 0	0	3	0	0	1	0	0	0	0	0	0	0	0	0	0	0	0	0	0	 0	 0	 0	 0	 1	 4	 1	 0	 1	 1	 0	 1	0	0	0	0	0	0	0	0	0	0	0	0	#_30        
 2009	7	 6	3	0	 28	0	0	0	0	0	0	 0	0	 0	 0	 1	 1	 0	 3	 3	 2	 1	 1	 1	1	0	0	0	0	0	0	0	0	0	0	0	0	0	0	0	0	0	0	 0	 0	 0	 1	 0	 0	 0	 3	 3	 3	 2	 2	0	0	0	0	0	0	0	0	0	0	0	0	#_31        
 1993	7	 8	0	0	 11	0	0	0	0	0	0	 0	1	 0	 0	 0	 0	 1	 0	 0	 0	 1	 1	 1	1	2	1	0	0	0	0	1	0	0	0	1	0	0	0	0	0	0	0	 0	 0	 0	 0	 0	 0	 0	 0	 0	 0	 0	 0	0	0	0	0	0	0	0	0	0	0	0	0	#_32        
 1994	7	 8	0	0	 11	0	0	0	0	0	1	 0	0	 0	 0	 2	 0	 0	 0	 0	 0	 3	 0	 2	0	0	0	1	0	1	0	0	1	0	0	0	0	0	0	0	0	0	0	 0	 0	 0	 0	 0	 0	 0	 0	 0	 0	 0	 0	0	0	0	0	0	0	0	0	0	0	0	0	#_33        
 1995	7	 8	0	0	 12	0	0	0	0	0	0	 1	0	 1	 0	 0	 0	 0	 0	 1	 0	 0	 1	 2	1	0	2	0	2	0	0	1	0	0	0	0	0	0	0	0	0	0	0	 0	 0	 0	 0	 0	 0	 0	 0	 0	 0	 0	 0	0	0	0	0	0	0	0	0	0	0	0	0	#_34        
 1996	7	 8	0	0	 14	0	0	0	0	0	2	 0	0	 1	 0	 0	 1	 0	 0	 0	 1	 2	 2	 1	1	1	0	1	0	0	0	0	0	0	0	1	0	0	0	0	0	0	0	 0	 0	 0	 0	 0	 0	 0	 0	 0	 0	 0	 0	0	0	0	0	0	0	0	0	0	0	0	0	#_35        
 1997	7	 8	0	0	  4	0	0	0	0	0	0	 0	0	 0	 1	 0	 0	 0	 0	 0	 0	 0	 0	 0	0	0	0	2	0	0	0	0	0	0	0	1	0	0	0	0	0	0	0	 0	 0	 0	 0	 0	 0	 0	 0	 0	 0	 0	 0	0	0	0	0	0	0	0	0	0	0	0	0	#_36        
 1999	7	 8	0	0	 21	0	0	0	0	0	0	 0	0	 0	 0	 1	 0	 1	 1	 3	 0	 1	 5	 2	1	0	1	4	0	0	0	1	0	0	0	0	0	0	0	0	0	0	0	 0	 0	 0	 0	 0	 0	 0	 0	 0	 0	 0	 0	0	0	0	0	0	0	0	0	0	0	0	0	#_37        
 2000	7	 8	0	0	  9	0	0	0	0	0	0	 0	0	 0	 0	 0	 1	 0	 0	 0	 0	 0	 3	 1	1	2	0	0	0	1	0	0	0	0	0	0	0	0	0	0	0	0	0	 0	 0	 0	 0	 0	 0	 0	 0	 0	 0	 0	 0	0	0	0	0	0	0	0	0	0	0	0	0	#_38        
 2001	7	 8	0	0	  4	0	0	0	0	0	0	 0	0	 0	 0	 0	 0	 1	 0	 1	 0	 0	 1	 0	1	0	0	0	0	0	0	0	0	0	0	0	0	0	0	0	0	0	0	 0	 0	 0	 0	 0	 0	 0	 0	 0	 0	 0	 0	0	0	0	0	0	0	0	0	0	0	0	0	#_39        
 2002	7	 8	0	0	  7	0	0	0	0	0	0	 0	0	 0	 0	 0	 1	 0	 0	 0	 0	 0	 2	 3	0	0	0	0	0	1	0	0	0	0	0	0	0	0	0	0	0	0	0	 0	 0	 0	 0	 0	 0	 0	 0	 0	 0	 0	 0	0	0	0	0	0	0	0	0	0	0	0	0	#_40        
 2003	7	 8	0	0	 10	0	0	0	0	0	0	 0	0	 0	 0	 0	 0	 0	 0	 1	 0	 1	 0	 1	1	3	2	1	0	0	0	0	0	0	0	0	0	0	0	0	0	0	0	 0	 0	 0	 0	 0	 0	 0	 0	 0	 0	 0	 0	0	0	0	0	0	0	0	0	0	0	0	0	#_41        
 2004	7	 8	0	0	 13	0	0	0	0	0	0	 0	0	 0	 0	 0	 0	 0	 0	 0	 1	 0	 1	 3	1	0	2	3	0	0	1	0	0	1	0	0	0	0	0	0	0	0	0	 0	 0	 0	 0	 0	 0	 0	 0	 0	 0	 0	 0	0	0	0	0	0	0	0	0	0	0	0	0	#_42        
 2005	7	 8	0	0	 21	0	0	0	0	0	0	 0	1	 0	 0	 0	 0	 0	 1	 2	 0	 1	 3	 2	2	1	2	1	0	2	1	0	1	1	0	0	0	0	0	0	0	0	0	 0	 0	 0	 0	 0	 0	 0	 0	 0	 0	 0	 0	0	0	0	0	0	0	0	0	0	0	0	0	#_43        
 2006	7	 8	0	0	 52	0	0	1	0	0	2	 1	1	 0	 1	 0	 1	 3	 0	 0	 1	 6	 4	 7	7	5	3	1	1	3	1	1	0	0	2	0	0	0	0	0	0	0	0	 0	 0	 0	 0	 0	 0	 0	 0	 0	 0	 0	 0	0	0	0	0	0	0	0	0	0	0	0	0	#_44        
 2007	7	 8	0	0	 36	0	0	1	0	0	2	 2	1	 0	 0	 2	 0	 0	 0	 1	 3	 3	 3	 3	4	2	3	1	2	0	2	0	1	0	0	0	0	0	0	0	0	0	0	 0	 0	 0	 0	 0	 0	 0	 0	 0	 0	 0	 0	0	0	0	0	0	0	0	0	0	0	0	0	#_45        
 2008	7	 8	0	0	 24	0	0	0	1	0	0	 0	0	 1	 0	 1	 0	 0	 1	 3	 2	 0	 1	 3	4	3	0	1	1	0	1	1	0	0	0	0	0	0	0	0	0	0	0	 0	 0	 0	 0	 0	 0	 0	 0	 0	 0	 0	 0	0	0	0	0	0	0	0	0	0	0	0	0	#_46        
 2009	7	 8	0	0	 25	0	0	0	0	1	1	 1	0	 1	 0	 0	 0	 0	 1	 1	 1	 1	 3	 2	2	2	2	1	1	1	0	0	1	0	0	2	0	0	0	0	0	0	0	 0	 0	 0	 0	 0	 0	 0	 0	 0	 0	 0	 0	0	0	0	0	0	0	0	0	0	0	0	0	#_47        
 2010	7	 8	0	0	 10	0	0	0	0	0	0	 0	0	 0	 0	 0	 1	 0	 0	 0	 0	 2	 1	 3	1	1	0	0	0	0	0	0	0	0	1	0	0	0	0	0	0	0	0	 0	 0	 0	 0	 0	 0	 0	 0	 0	 0	 0	 0	0	0	0	0	0	0	0	0	0	0	0	0	#_48        
 1998	7	 9	0	0	 50	0	0	0	1	2	4	 7	4	 1	 2	 9	 4	 7	 5	 2	 0	 0	 2	 0	0	0	0	0	0	0	0	0	0	0	0	0	0	0	0	0	0	0	0	 0	 0	 0	 0	 0	 0	 0	 0	 0	 0	 0	 0	0	0	0	0	0	0	0	0	0	0	0	0	#_49        
 2001	7	 9	3	0	149	0	0	0	2	3	5	 3	7	 6	 6	10	 6	 6	 8	 3	 2	 0	 0	 0	0	0	0	0	0	0	0	0	0	0	0	0	0	0	0	0	3	3	8	 6	 8	11	 8	 7	 8	 5	 8	 4	 1	 0	 1	1	0	0	0	0	0	0	0	0	0	0	0	#_50        
 2004	7	 9	3	0	169	0	0	0	1	0	5	 9	4	10	 5	10	 9	 5	 6	 5	 2	 2	 0	 0	1	0	0	0	0	0	0	0	0	0	0	0	0	0	0	0	4	6	3	 9	 9	 8	11	 7	11	 7	 8	 5	 3	 2	 2	0	0	0	0	0	0	0	0	0	0	0	0	#_51        
 1997	7	10	0	0	140	0	0	0	0	1	5	 1	8	12	12	20	16	 6	14	11	12	 6	11	 1	1	0	3	0	0	0	0	0	0	0	0	0	0	0	0	0	0	0	0	 0	 0	 0	 0	 0	 0	 0	 0	 0	 0	 0	 0	0	0	0	0	0	0	0	0	0	0	0	0	#_52        
 1999	7	10	3	0	111	0	0	0	0	1	1	 1	5	 4	 6	 3	 8	 4	 2	 1	 1	 1	 3	 2	1	1	0	0	0	0	0	0	0	0	0	0	0	0	0	0	0	1	2	 6	 4	 7	 8	 3	 7	 7	 8	 5	 4	 2	 2	0	0	0	0	0	0	0	0	0	0	0	0	#_53        
 2000	7	10	3	0	 71	0	0	0	0	1	0	 1	1	 2	 2	 2	 6	 3	 2	 2	 2	 2	 1	 1	0	0	0	0	0	0	0	0	0	0	0	0	0	0	0	0	0	1	1	 2	 5	 5	 5	 7	 2	 3	 3	 2	 3	 2	 2	0	0	0	0	0	0	0	0	0	0	0	0	#_54        
 2001	7	10	3	0	 42	0	0	0	0	0	1	 0	2	 1	 1	 8	 2	 1	 1	 0	 0	 0	 1	 1	0	0	0	0	0	0	0	0	0	0	0	0	0	0	0	0	0	1	1	 0	 2	 0	 4	 0	 2	 2	 2	 4	 1	 2	 1	0	1	0	0	0	0	0	0	0	0	0	0	#_55        
 2003	7	11	3	0	132	0	0	0	1	3	3	 6	9	 6	 4	 5	 8	 3	 5	 2	 1	 5	 2	 3	1	1	0	0	0	0	0	0	0	0	0	0	0	0	0	3	0	0	5	 7	 5	 7	12	 2	 6	 1	 4	 3	 4	 2	 2	1	0	0	0	0	0	0	0	0	0	0	0	#_56        
 2004	7	11	3	0	 99	0	0	0	0	3	3	 2	4	 1	 1	 8	 5	 0	 3	 0	 2	 0	 0	 1	1	0	0	0	0	0	0	0	0	0	0	0	0	0	0	2	4	4	3	 0	 4	 5	 8	10	 4	 6	 3	 4	 2	 3	 3	0	0	0	0	0	0	0	0	0	0	0	0	#_57        
 2005	7	11	3	0	149	0	0	1	3	2	3	 3	3	 4	 6	 7	 3	 3	 4	 1	 4	 1	 1	 1	2	2	2	0	0	1	0	0	0	0	0	0	0	1	0	3	3	3	2	 9	 6	 9	10	 8	10	 8	 4	 7	 2	 3	 1	2	0	0	0	1	0	0	0	0	0	0	0	#_58        
 2006	7	11	3	0	148	0	0	1	0	2	4	 1	3	 8	 6	 8	 7	 7	 2	 4	 4	 1	 2	 0	2	0	0	1	0	0	0	0	0	0	0	0	0	0	0	1	3	2	2	 3	 9	 7	 7	 7	11	 4	 4	 7	 7	 5	 4	1	0	1	0	0	0	0	0	0	0	0	0	#_59        
 2007	7	11	3	0	119	0	0	0	1	3	2	 7	2	 3	 5	11	 4	 6	 2	 3	 3	 2	 0	 2	2	1	0	0	0	1	0	0	0	0	0	0	0	0	0	1	4	7	3	 2	 4	 4	 3	 5	 3	 6	 4	 4	 1	 7	 1	0	0	0	0	0	0	0	0	0	0	0	0	#_60        
 2008	7	11	3	0	133	0	0	0	1	3	5	 3	2	 3	 2	 8	 6	 7	 4	 5	 1	 5	 1	 0	1	2	0	0	0	0	0	0	1	0	0	0	0	0	0	1	2	3	1	 1	 2	 8	 9	 9	 7	 4	 7	 3	 4	 4	 7	1	0	0	0	0	0	0	0	0	0	0	0	#_61        
 2009	7	11	3	0	 95	0	0	0	0	3	0	 2	7	 6	 4	 4	 2	 2	 5	 1	 1	 1	 5	 1	2	0	0	0	0	0	0	0	0	0	0	0	0	0	0	0	0	0	4	 7	 2	 7	 4	 5	 5	 2	 3	 3	 1	 5	 1	0	0	0	0	0	0	0	0	0	0	0	0	#_62        
 2010	7	11	3	0	103	0	0	0	1	2	4	 5	2	 6	 8	 5	 2	 3	 3	 2	 3	 3	 1	 1	1	1	2	1	0	0	0	0	0	0	0	0	0	0	0	0	2	1	1	 4	 6	 2	 7	 2	 5	 2	 6	 3	 6	 0	 0	0	0	0	0	0	0	0	0	0	0	0	0	#_63        
-9999	0	 0	0	0	  0	0	0	0	0	0	0	 0	0	 0	 0	 0	 0	 0	 0	 0	 0	 0	 0	 0	0	0	0	0	0	0	0	0	0	0	0	0	0	0	0	0	0	0	0	 0	 0	 0	 0	 0	 0	 0	 0	 0	 0	 0	 0	0	0	0	0	0	0	0	0	0	0	0	0	#_terminator
91 #_N_agebins
#
#_agebin_vector
0 1 2 3 4 5 6 7 8 9 10 11 12 13 14 15 16 17 18 19 20 21 22 23 24 25 26 27 28 29 30 31 32 33 34 35 36 37 38 39 40 41 42 43 44 45 46 47 48 49 50 51 52 53 54 55 56 57 58 59 60 61 62 63 64 65 66 67 68 69 70 71 72 73 74 75 76 77 78 79 80 81 82 83 84 85 86 87 88 89 90 #_agebin_vector
#
#_ageing_error
1 #_N_ageerror_definitions
#_age0	age1	age2	age3	age4	age5	age6	age7	age8	age9	age10	age11	age12	age13	age14	age15	age16	age17	age18	age19	age20	age21	age22	age23	age24	age25	age26	age27	age28	age29	age30	age31	age32	age33	age34	age35	age36	age37	age38	age39	age40	age41	age42	age43	age44	age45	age46	age47	age48	age49	age50	age51	age52	age53	age54	age55	age56	age57	age58	age59	age60	age61	age62	age63	age64	age65	age66	age67	age68	age69	age70	age71	age72	age73	age74	age75	age76	age77	age78	age79	age80	age81	age82	age83	age84	age85	age86	age87	age88	age89	age90	age91	age92	age93	age94	age95
      0.5	      1.5	     2.5	     3.5	     4.5	     5.5	     6.5	    7.5	     8.5	     9.5	   10.5	   11.5	   12.5	   13.5	   14.5	   15.5	   16.5	   17.5	   18.5	   19.5	   20.5	   21.5	  22.5	   23.5	   24.5	   25.5	   26.5	   27.5	   28.5	  29.5	   30.5	   31.5	   32.5	   33.5	   34.5	   35.5	   36.5	   37.5	   38.5	   39.5	   40.5	   41.5	   42.5	   43.5	   44.5	   45.5	   46.5	   47.5	   48.5	   49.5	   50.5	   51.5	   52.5	   53.5	   54.5	  55.5	   56.5	  57.5	   58.5	   59.5	  60.5	   61.5	   62.5	63.5	64.5	65.5	66.5	67.5	68.5	69.5	70.5	71.5	72.5	73.5	74.5	75.5	76.5	77.5	78.5	79.5	80.5	81.5	82.5	83.5	84.5	85.5	86.5	87.5	88.5	89.5	90.5	91.5	92.5	93.5	94.5	95.5	#_1
0.0986548	0.0986548	0.197731	0.297273	0.397333	0.497964	0.599228	0.70119	0.803922	0.907503	1.01202	1.11757	1.22425	1.33217	1.44147	1.55226	1.66471	1.77897	1.89521	2.01363	2.13443	2.25783	2.3841	2.51348	2.64629	2.78282	2.92344	3.06851	3.21845	3.3737	3.53476	3.70214	3.87642	4.05823	4.24823	4.44718	4.65587	4.87516	5.10601	5.34944	5.60656	5.87858	6.16681	6.47267	6.79772	7.14362	7.51219	7.90541	8.32542	8.77452	9.25525	9.77031	10.3227	10.9155	11.5524	12.237	12.9734	13.766	14.6196	15.5394	16.531	17.6005	18.7545	  20	  20	  20	  20	  20	  20	  20	  20	  20	  20	  20	  20	  20	  20	  20	  20	  20	  20	  20	  20	  20	  20	  20	  20	  20	  20	  20	  20	  20	  20	  20	  20	  20	#_2
#
#_age_info
#_mintailcomp	addtocomp	combine_M_F	CompressBins	CompError	ParmSelect	minsamplesize
-1	1e-05	0	0	0	0	1	#_TRAWL            
-1	1e-05	0	0	0	0	1	#_Trawl_Discard    
-1	1e-05	0	0	0	0	1	#_MIDWATER         
-1	1e-05	0	0	0	0	1	#_A-SHOP           
-1	1e-05	0	0	0	0	1	#_HKL              
-1	1e-05	0	0	0	0	1	#_Hkl_Discard      
-1	1e-05	0	0	0	0	1	#_OTHERS           
-1	1e-05	0	0	0	0	1	#_RECREATIONAL     
-1	1e-05	0	0	0	0	1	#_AFSC_triennial   
-1	1e-05	0	0	0	0	1	#_AFSC_slope       
-1	1e-05	0	0	0	0	1	#_NWFSC_shelf_slope
-1	1e-05	0	0	0	0	1	#_NWFSC_slope      
-1	1e-05	0	0	0	0	1	#_IPHC             
3 #_Lbin_method: 1=poplenbins; 2=datalenbins; 3=lengths
 #_combine males into females at or below this bin number
#_X.9999	X0	X0.1	X0.2	X0.3	X0.4	X0.5	X0.6	X0.7	X0.8	X0.9	X0.10	X0.11	X0.12	X0.13	X0.14	X0.15	X0.16	X0.17	X0.18	X0.19	X0.20	X0.21	X0.22	X0.23	X0.24	X0.25	X0.26	X0.27	X0.28	X0.29	X0.30	X0.31	X0.32	X0.33	X0.34	X0.35	X0.36	X0.37	X0.38	X0.39	X0.40	X0.41	X0.42	X0.43	X0.44	X0.45	X0.46	X0.47	X0.48	X0.49	X0.50	X0.51	X0.52	X0.53	X0.54	X0.55	X0.56	X0.57	X0.58	X0.59	X0.60	X0.61	X0.62	X0.63	X0.64	X0.65	X0.66	X0.67	X0.68	X0.69	X0.70	X0.71	X0.72	X0.73	X0.74	X0.75	X0.76	X0.77	X0.78	X0.79	X0.80	X0.81	X0.82	X0.83	X0.84	X0.85	X0.86	X0.87	X0.88	X0.89	X0.90	X0.91	X0.92	X0.93	X0.94	X0.95	X0.96	X0.97	X0.98	X0.99	X0.100	X0.101	X0.102	X0.103	X0.104	X0.105	X0.106	X0.107	X0.108	X0.109	X0.110	X0.111	X0.112	X0.113	X0.114	X0.115	X0.116	X0.117	X0.118	X0.119	X0.120	X0.121	X0.122	X0.123	X0.124	X0.125	X0.126	X0.127	X0.128	X0.129	X0.130	X0.131	X0.132	X0.133	X0.134	X0.135	X0.136	X0.137	X0.138	X0.139	X0.140	X0.141	X0.142	X0.143	X0.144	X0.145	X0.146	X0.147	X0.148	X0.149	X0.150	X0.151	X0.152	X0.153	X0.154	X0.155	X0.156	X0.157	X0.158	X0.159	X0.160	X0.161	X0.162	X0.163	X0.164	X0.165	X0.166	X0.167	X0.168	X0.169	X0.170	X0.171	X0.172	X0.173	X0.174	X0.175	X0.176	X0.177	X0.178	X0.179	X0.180	X0.181	X0.182	X0.183	X0.184	X0.185	X0.186	X0.187	X0.188	X0.189
-9999	0	0	0	0	0	0	0	0	0	0	0	0	0	0	0	0	0	0	0	0	0	0	0	0	0	0	0	0	0	0	0	0	0	0	0	0	0	0	0	0	0	0	0	0	0	0	0	0	0	0	0	0	0	0	0	0	0	0	0	0	0	0	0	0	0	0	0	0	0	0	0	0	0	0	0	0	0	0	0	0	0	0	0	0	0	0	0	0	0	0	0	0	0	0	0	0	0	0	0	0	0	0	0	0	0	0	0	0	0	0	0	0	0	0	0	0	0	0	0	0	0	0	0	0	0	0	0	0	0	0	0	0	0	0	0	0	0	0	0	0	0	0	0	0	0	0	0	0	0	0	0	0	0	0	0	0	0	0	0	0	0	0	0	0	0	0	0	0	0	0	0	0	0	0	0	0	0	0	0	0	0	0	0	0	0	0	0	0	0	0	#_terminator
#
#_MeanSize_at_Age_obs
0 #_use_MeanSize_at_Age_obs
0 #_N_environ_variables
0 #_N_sizefreq_methods
0 #_do_tags
0 #_morphcomp_data
0 #_use_selectivity_priors
#
999
