#V3.30
#C data file for simple example
#
1971 #_styr
2001 #_endyr
1 #_nseas
12 #_months_per_seas
2 #_Nsubseasons
1 #_spawn_month
2 #_Nsexes
40 #_Nages
1 #_N_areas
3 #_Nfleets
#_fleetinfo
#_type	surveytiming	area	units	need_catch_mult	fleetname
1	-1	1	1	0	FISHERY1	#_1
3	 1	1	2	0	SURVEY1 	#_2
3	 1	1	2	0	SURVEY2 	#_3
#_Catch data
#_year	season	fleet	catch	catch_se
 -999	1	1	      0	0.01	#_1         
 1971	1	1	      0	0.01	#_2         
 1972	1	1	202.164	0.01	#_3         
 1973	1	1	1000.41	0.01	#_4         
 1974	1	1	1011.35	0.01	#_5         
 1975	1	1	1975.75	0.01	#_6         
 1976	1	1	2990.91	0.01	#_7         
 1977	1	1	4030.07	0.01	#_8         
 1978	1	1	5060.09	0.01	#_9         
 1979	1	1	6011.29	0.01	#_10        
 1980	1	1	7913.59	0.01	#_11        
 1981	1	1	10110.7	0.01	#_12        
 1982	1	1	10044.3	0.01	#_13        
 1983	1	1	10057.3	0.01	#_14        
 1984	1	1	10064.5	0.01	#_15        
 1985	1	1	9983.93	0.01	#_16        
 1986	1	1	10061.4	0.01	#_17        
 1987	1	1	10041.1	0.01	#_18        
 1988	1	1	8967.18	0.01	#_19        
 1989	1	1	8087.46	0.01	#_20        
 1990	1	1	6970.16	0.01	#_21        
 1991	1	1	6029.49	0.01	#_22        
 1992	1	1	3988.73	0.01	#_23        
 1993	1	1	4002.52	0.01	#_24        
 1994	1	1	4005.47	0.01	#_25        
 1995	1	1	3984.26	0.01	#_26        
 1996	1	1	3985.39	0.01	#_27        
 1997	1	1	3003.87	0.01	#_28        
 1998	1	1	3039.91	0.01	#_29        
 1999	1	1	2932.38	0.01	#_30        
 2000	1	1	3034.42	0.01	#_31        
 2001	1	1	2997.47	0.01	#_32        
-9999	0	0	      0	   0	#_terminator
#_CPUE_and_surveyabundance_observations
#_Units:  0=numbers; 1=biomass; 2=F; >=30 for special types
#_Errtype:  -1=normal; 0=lognormal; >0=T
#_SD_Report: 0=no sdreport; 1=enable sdreport
#_Fleet	Units	Errtype	SD_Report
1	0	0	0	#_FISHERY1
2	0	0	0	#_SURVEY1 
3	0	0	0	#_SURVEY2 
#
#_CPUE_data
-9999 1 1 1 1 # terminator
0 #_N_discard_fleets
#_discard_units (1=same_as_catchunits(bio/num); 2=fraction; 3=numbers)
#_discard_errtype:  >0 for DF of T-dist(read CV below); 0 for normal with CV; -1 for normal with se; -2 for lognormal
#
#_discard_fleet_info
#
#_discard_data
#
#_meanbodywt
0 #_use_meanbodywt
 #_DF_for_meanbodywt_T-distribution_like
#
#_population_length_bins
2 # length bin method: 1=use databins; 2=generate from binwidth,min,max below; 3=read vector
2 # binwidth for population size comp
10 # minimum size in the population (lower edge of first bin and size at age 0.00)
94 # maximum size in the population (lower edge of last bin)
1 #_use_lencomp
#
#_len_info
#_mintailcomp	addtocomp	combine_M_F	CompressBins	CompError	ParmSelect	minsamplesize
0	1e-07	0	0	0	0	1	#_FISHERY1
0	1e-07	0	0	0	0	1	#_SURVEY1 
0	1e-07	0	0	0	0	1	#_SURVEY2 
25 #_N_lbins
#_lbin_vector
26 28 30 32 34 36 38 40 42 44 46 48 50 52 54 56 58 60 62 64 68 72 76 80 90 #_lbin_vector
#
#_lencomp
#_Yr	Seas	FltSvy	Gender	Part	Nsamp	f26	f28	f30	f32	f34	f36	f38	f40	f42	f44	f46	f48	f50	f52	f54	f56	f58	f60	f62	f64	f68	f72	f76	f80	f90	m26	m28	m30	m32	m34	m36	m38	m40	m42	m44	m46	m48	m50	m52	m54	m56	m58	m60	m62	m64	m68	m72	m76	m80	m90
 1971	7	1	3	0	125	0	0	0	0	0	 0	0	0	0	7	0	0	 2	4	2	 1	4	6	 5	10	10	 6	10	0	0	0	0	0	0	0	0	 0	0	3	1	0	3	0	2	3	7	 5	 2	 6	 8	 5	 6	7	0	0	#_1         
 1972	7	1	3	0	125	0	0	0	0	0	 0	0	0	0	3	0	1	 3	3	2	 8	5	3	 7	11	 4	 8	 4	1	0	0	0	0	0	0	0	 0	0	5	0	0	1	2	3	6	4	 0	 5	 4	13	13	 5	1	0	0	#_2         
 1973	7	1	3	0	125	0	0	0	0	0	 0	0	0	0	0	0	0	 6	2	2	 5	4	8	 4	10	15	 5	 6	0	0	0	0	0	0	0	0	 0	0	0	0	0	5	1	2	1	5	 8	 3	 3	 9	 6	 7	7	1	0	#_3         
 1974	7	1	3	0	125	0	0	0	0	0	 0	0	0	0	4	1	0	 1	3	1	 5	4	4	 6	15	10	 2	 5	0	0	0	0	0	0	0	0	 0	4	1	2	0	2	2	4	3	7	 2	 2	 3	10	11	 6	4	1	0	#_4         
 1975	7	1	3	0	125	0	0	0	0	0	 0	0	3	1	3	0	1	 2	4	3	 5	1	5	 6	 9	 3	11	 7	0	0	0	0	0	0	0	0	 0	0	0	7	2	1	0	0	3	3	 2	 5	 8	13	 9	 4	4	0	0	#_5         
 1976	7	1	3	0	125	0	0	0	0	0	 0	0	4	1	2	1	1	 1	3	1	 2	3	4	 8	 8	10	 6	 5	1	0	0	0	0	0	0	0	 0	2	0	0	0	1	0	3	6	5	 4	 7	 2	12	10	 3	9	0	0	#_6         
 1977	7	1	3	0	125	0	0	0	0	0	 0	0	5	0	0	1	2	 2	4	1	 4	4	3	 4	14	 7	 8	 3	1	0	0	0	0	0	0	1	 2	0	5	1	2	4	1	3	4	3	 4	 4	 3	 6	 5	12	2	0	0	#_7         
 1978	7	1	3	0	125	0	0	0	0	0	 0	1	0	4	1	2	4	 1	3	7	 5	2	2	 4	 4	 9	 5	 1	1	0	0	0	0	0	0	0	 0	5	0	3	1	4	0	4	7	2	 6	 5	 5	 7	 4	 9	7	0	0	#_8         
 1979	7	1	3	0	125	0	0	0	0	0	 0	0	0	0	0	5	3	 3	5	5	 4	2	3	 3	 8	11	 6	 0	5	0	0	0	0	0	0	0	 0	0	5	2	2	3	3	5	4	2	 4	 2	 2	12	 6	 5	5	0	0	#_9         
 1980	7	1	3	0	125	0	0	0	0	0	 0	0	0	0	1	0	3	 2	7	9	 5	3	5	 3	 2	11	 4	 6	4	0	0	0	0	0	0	0	 0	0	1	4	3	1	4	1	2	4	 5	10	 4	 5	 9	 6	1	0	0	#_10        
 1981	7	1	3	0	125	0	0	0	0	0	 0	1	1	1	0	1	2	 3	3	5	 9	5	6	 6	10	 8	 4	 7	0	0	0	0	0	0	0	1	 1	0	1	0	0	2	2	6	5	5	 4	 4	 3	 9	 5	 3	2	0	0	#_11        
 1982	7	1	3	0	125	0	0	0	0	0	 0	0	0	1	2	2	1	 3	3	3	 5	4	8	 9	11	10	 7	 0	0	0	0	0	0	0	0	0	 0	2	1	1	2	0	1	5	6	2	 3	 2	 1	12	 9	 5	4	0	0	#_12        
 1983	7	1	3	0	125	0	0	0	0	0	 0	0	0	0	0	2	1	 2	3	2	 5	5	8	 1	 7	 9	 7	 3	0	0	0	0	0	0	0	0	 0	0	0	9	2	4	0	4	4	5	 4	 5	10	10	 9	 1	3	0	0	#_13        
 1984	7	1	3	0	125	0	0	0	0	0	 0	1	2	0	0	0	2	 1	1	3	 3	5	5	 6	 5	10	 8	 6	0	0	0	0	0	0	0	0	 0	2	1	0	4	2	2	5	2	4	 6	 5	 4	15	 5	 9	1	0	0	#_14        
 1985	7	1	3	0	125	0	0	0	0	0	 0	0	0	2	1	1	4	 3	2	2	 3	3	5	 5	12	 5	10	 0	0	0	0	0	0	0	0	0	 0	2	0	2	1	1	3	2	3	6	 1	 6	11	 8	 9	 9	3	0	0	#_15        
 1986	7	1	3	0	125	0	0	0	0	0	 0	0	1	1	1	1	2	 1	3	5	 2	5	7	 6	 8	10	 1	 4	0	0	0	0	0	0	0	1	 0	1	0	1	0	2	4	0	3	6	 6	 5	 5	13	 9	 7	4	0	0	#_16        
 1987	7	1	3	0	125	0	0	0	0	0	 0	0	2	0	0	3	0	 2	3	7	 6	7	5	 3	 9	11	 7	 4	0	0	0	0	0	0	0	0	 0	1	1	1	1	0	1	1	2	4	 3	 5	 7	12	 8	 5	4	0	0	#_17        
 1988	7	1	3	0	125	0	0	0	0	0	 0	1	1	0	0	0	2	 5	1	7	 7	7	9	 9	 6	 4	 4	 2	0	0	0	0	0	0	0	0	 1	0	4	0	0	2	2	2	2	4	 4	 5	 5	13	11	 5	0	0	0	#_18        
 1989	7	1	3	0	125	0	0	0	0	0	 2	0	0	0	2	2	2	 4	0	4	 5	6	8	 9	10	 8	 3	 5	0	0	0	0	0	0	0	0	 2	0	1	3	1	3	0	1	4	5	 5	 4	 7	 8	 6	 4	1	0	0	#_19        
 1990	7	1	3	0	125	0	0	0	0	0	 0	0	0	2	0	2	1	 3	2	5	 5	7	2	 5	 9	 4	 3	 4	0	0	0	0	0	0	0	0	 0	1	1	1	2	3	2	2	3	7	 8	 3	 7	17	 7	 3	4	0	0	#_20        
 1991	7	1	3	0	125	0	0	0	0	0	 0	0	2	0	1	0	3	 3	3	2	 6	3	3	 8	 8	12	12	 0	0	0	0	0	0	0	1	0	 0	0	2	2	2	2	2	3	0	1	 3	 2	 5	16	11	 7	0	0	0	#_21        
 1992	7	1	3	0	125	0	0	0	0	1	 0	0	0	2	0	3	3	 2	0	1	 2	7	4	11	10	13	11	 0	0	0	0	0	0	0	0	0	 0	1	0	2	1	1	2	3	4	4	 6	 3	 3	 8	 9	 8	0	0	0	#_22        
 1993	7	1	3	0	125	0	0	0	0	0	 0	2	0	0	2	2	1	 2	4	3	 6	4	6	 8	11	 7	 8	 0	0	0	0	0	0	0	0	0	 0	7	1	2	1	1	2	0	6	4	 3	 7	 2	10	 4	 5	4	0	0	#_23        
 1994	7	1	3	0	125	0	0	0	0	0	 0	0	0	0	7	2	1	 0	1	4	 1	3	5	 4	15	11	 3	 4	0	0	0	0	0	0	0	0	 0	1	0	2	4	4	4	6	1	2	 3	 6	 7	 7	 9	 4	4	0	0	#_24        
 1995	7	1	3	0	125	0	0	0	0	0	 1	0	1	1	2	1	2	 2	3	6	 5	6	6	 5	 5	16	 0	 0	0	0	0	0	0	0	0	0	 1	1	1	0	0	4	2	5	5	4	 6	 7	 5	 8	 5	 9	0	0	0	#_25        
 1996	7	1	3	0	125	0	0	0	0	0	 0	2	3	0	2	3	2	 3	2	5	 2	2	4	 3	15	11	10	 0	0	0	0	0	0	0	0	0	 2	0	1	2	1	0	2	5	5	4	 3	 1	 6	 9	 7	 3	5	0	0	#_26        
 1997	7	1	3	0	125	0	0	0	1	0	 1	1	0	1	3	2	3	 3	2	6	 4	2	4	 6	10	17	 0	 0	0	0	0	0	0	0	0	0	 0	2	4	1	2	3	3	4	5	2	 5	 5	 2	11	 6	 4	0	0	0	#_27        
 1998	7	1	3	0	125	0	0	0	0	5	 0	0	0	0	0	3	3	 4	5	4	 7	7	5	 7	 5	 6	 3	 5	0	0	0	0	0	0	3	0	 0	0	0	0	2	1	1	3	1	3	10	 0	 7	 8	12	 5	0	0	0	#_28        
 1999	7	1	3	0	125	0	0	0	0	2	 0	0	0	1	1	1	3	 3	5	2	10	8	4	 4	10	10	 8	 0	0	0	0	0	0	0	0	0	 1	1	0	2	1	1	4	4	3	5	 2	 6	 3	11	 3	 6	0	0	0	#_29        
 2000	7	1	3	0	125	0	0	0	0	0	 0	1	1	0	1	0	0	 3	2	4	 5	4	5	 4	 9	10	 0	 0	0	0	0	0	0	0	0	2	 0	0	0	2	2	0	5	3	7	4	 8	 8	 8	10	 8	 7	2	0	0	#_30        
 2001	7	1	3	0	125	0	0	0	0	1	 0	0	0	0	2	2	5	 2	3	5	 4	1	2	 6	14	 9	13	 0	0	0	0	0	0	0	0	5	 1	2	1	0	0	2	4	2	2	2	 4	 6	 2	13	 4	 6	0	0	0	#_31        
 1977	7	2	3	0	125	0	0	0	0	2	 2	2	9	3	4	3	6	 4	4	1	 3	5	6	 1	 6	 6	 7	 0	0	0	0	0	0	0	0	0	10	3	4	3	1	3	2	2	4	5	 2	 3	 1	 3	 2	 1	2	0	0	#_32        
 1980	7	2	3	0	125	0	0	0	0	1	 1	3	1	1	4	9	1	 2	2	4	 1	5	4	 2	 8	 6	 5	 2	2	0	0	0	0	0	2	1	 2	0	3	3	1	2	5	1	6	6	 3	 6	 3	 2	 9	 3	3	0	0	#_33        
 1983	7	2	3	0	125	0	0	0	0	0	 6	1	9	1	3	5	2	 2	3	5	 3	5	2	 3	10	 6	 3	 0	0	0	0	0	0	0	1	1	 3	2	1	4	3	3	0	4	2	5	 6	 6	 1	 5	 9	 0	0	0	0	#_34        
 1986	7	2	3	0	125	0	0	0	0	0	 2	4	1	6	2	2	2	11	4	7	 1	4	7	 1	 6	 5	 2	 1	0	0	0	0	0	0	1	1	 0	2	4	3	1	2	2	1	7	3	 3	 7	 3	 6	 5	 6	0	0	0	#_35        
 1989	7	2	3	0	125	0	0	0	0	0	 0	0	2	4	4	4	5	 5	6	3	 3	7	3	 5	 7	 3	 4	 0	0	0	0	0	0	1	1	0	 0	2	1	0	4	1	8	6	5	7	 4	 7	 3	10	 0	 0	0	0	0	#_36        
 1992	7	2	3	0	125	0	0	0	0	0	 4	0	4	5	6	2	2	 0	1	4	 2	4	1	 5	 6	 8	 0	 0	0	0	0	0	0	0	0	5	 8	5	2	3	2	3	4	6	3	3	 3	 6	 7	 5	 4	 2	0	0	0	#_37        
 1995	7	2	3	0	125	0	0	0	0	2	 3	2	5	1	1	6	3	 4	1	2	 5	4	3	 1	 2	 2	 7	 0	0	0	0	0	0	0	5	3	 3	1	5	3	5	5	5	3	6	1	 1	 3	 2	 6	 7	 7	0	0	0	#_38        
 1998	7	2	3	0	125	0	0	0	1	3	 0	0	6	4	2	2	3	 3	4	2	 2	1	3	 2	 3	 4	10	 0	0	0	0	0	0	0	2	1	 3	2	5	3	9	6	3	5	3	2	 5	 3	 5	10	 0	 3	0	0	0	#_39        
 2001	7	2	3	0	125	0	0	0	0	0	11	0	0	4	2	5	4	 3	6	5	 2	5	7	 4	 7	10	 0	 0	0	0	0	0	0	0	3	2	 3	1	2	5	1	2	1	5	3	2	 1	 6	 4	 6	 3	 0	0	0	0	#_40        
-9999	0	0	0	0	  0	0	0	0	0	0	 0	0	0	0	0	0	0	 0	0	0	 0	0	0	 0	 0	 0	 0	 0	0	0	0	0	0	0	0	0	 0	0	0	0	0	0	0	0	0	0	 0	 0	 0	 0	 0	 0	0	0	0	#_terminator
17 #_N_agebins
#
#_agebin_vector
1 2 3 4 5 6 7 8 9 10 11 12 13 14 15 20 25 #_agebin_vector
#
#_ageing_error
2 #_N_ageerror_definitions
#_age0	age1	age2	age3	age4	age5	age6	age7	age8	age9	age10	age11	age12	age13	age14	age15	age16	age17	age18	age19	age20	age21	age22	age23	age24	age25	age26	age27	age28	age29	age30	age31	age32	age33	age34	age35	age36	age37	age38	age39	age40
  0.5	  1.5	  2.5	  3.5	  4.5	  5.5	  6.5	  7.5	  8.5	  9.5	 10.5	 11.5	 12.5	 13.5	 14.5	 15.5	 16.5	 17.5	 18.5	 19.5	 20.5	 21.5	 22.5	 23.5	 24.5	 25.5	 26.5	 27.5	 28.5	 29.5	 30.5	 31.5	 32.5	 33.5	 34.5	 35.5	 36.5	 37.5	 38.5	 39.5	 40.5	#_1
0.001	0.001	0.001	0.001	0.001	0.001	0.001	0.001	0.001	0.001	0.001	0.001	0.001	0.001	0.001	0.001	0.001	0.001	0.001	0.001	0.001	0.001	0.001	0.001	0.001	0.001	0.001	0.001	0.001	0.001	0.001	0.001	0.001	0.001	0.001	0.001	0.001	0.001	0.001	0.001	0.001	#_2
  0.5	  1.5	  2.5	  3.5	  4.5	  5.5	  6.5	  7.5	  8.5	  9.5	 10.5	 11.5	 12.5	 13.5	 14.5	 15.5	 16.5	 17.5	 18.5	 19.5	 20.5	 21.5	 22.5	 23.5	 24.5	 25.5	 26.5	 27.5	 28.5	 29.5	 30.5	 31.5	 32.5	 33.5	 34.5	 35.5	 36.5	 37.5	 38.5	 39.5	 40.5	#_3
  0.5	 0.65	 0.67	  0.7	 0.73	 0.76	  0.8	 0.84	 0.88	 0.92	 0.97	 1.03	 1.09	 1.16	 1.23	 1.32	 1.41	 1.51	 1.62	 1.75	 1.89	 2.05	 2.23	 2.45	 2.71	    3	    3	    3	    3	    3	    3	    3	    3	    3	    3	    3	    3	    3	    3	    3	    3	#_4
#
#_age_info
#_mintailcomp	addtocomp	combine_M_F	CompressBins	CompError	ParmSelect	minsamplesize
0	1e-07	1	0	0	0	1	#_FISHERY1
0	1e-07	1	0	0	0	1	#_SURVEY1 
0	1e-07	1	0	0	0	1	#_SURVEY2 
1 #_Lbin_method: 1=poplenbins; 2=datalenbins; 3=lengths
 #_combine males into females at or below this bin number
#_Yr	Seas	FltSvy	Gender	Part	Ageerr	Lbin_lo	Lbin_hi	Nsamp	f1	f2	f3	f4	f5	f6	f7	f8	f9	f10	f11	f12	f13	f14	f15	f20	f25	m1	m2	m3	m4	m5	m6	m7	m8	m9	m10	m11	m12	m13	m14	m15	m20	m25
 1971	7	1	3	0	2	1	-1	75	0	0	0	0	3	3	2	2	1	5	3	1	1	 2	 5	 6	7	0	0	3	1	0	3	0	2	1	2	2	0	1	2	 8	 5	4	#_1         
 1972	7	1	3	0	2	1	-1	75	1	0	0	1	3	2	2	2	3	4	2	1	2	 0	 6	 4	6	0	0	0	1	2	3	2	3	2	1	2	1	2	0	 5	 3	9	#_2         
 1973	7	1	3	0	2	1	-1	75	0	0	4	4	2	2	0	2	2	2	0	3	5	 2	 6	 2	7	0	0	0	4	0	3	2	7	0	3	6	0	1	0	 3	 0	3	#_3         
 1974	7	1	3	0	2	1	-1	75	0	0	2	2	1	4	1	0	4	2	5	2	2	 2	 7	 3	6	0	0	1	0	2	2	1	2	1	0	2	0	0	2	 9	 5	5	#_4         
 1975	7	1	3	0	2	1	-1	75	0	0	6	0	2	3	3	2	4	1	1	1	2	 2	 2	 2	9	0	0	0	0	3	2	3	3	1	3	3	1	3	1	 3	 5	4	#_5         
 1976	7	1	3	0	2	1	-1	75	0	0	5	4	2	2	0	1	3	1	1	1	1	 2	 9	 0	3	0	0	0	0	4	3	4	2	2	1	0	3	0	0	 9	12	0	#_6         
 1977	7	1	3	0	2	1	-1	75	0	0	0	0	6	2	1	1	1	3	4	2	2	 1	 2	 4	5	0	0	1	2	9	4	1	3	2	2	4	2	1	2	 4	 1	3	#_7         
 1978	7	1	3	0	2	1	-1	75	0	0	4	2	2	0	2	5	4	1	2	1	0	 3	 4	 4	1	0	0	5	4	2	1	1	2	1	1	2	0	3	2	 8	 3	5	#_8         
 1979	7	1	3	0	2	1	-1	75	1	1	0	4	4	0	0	1	2	4	4	4	1	 1	 4	13	0	0	0	1	2	4	4	3	2	2	1	4	0	2	0	 2	 1	3	#_9         
 1980	7	1	3	0	2	1	-1	75	0	0	1	2	3	6	0	2	0	1	2	2	0	 3	 3	 8	0	0	0	0	4	5	6	4	1	0	1	1	4	2	2	 4	 3	5	#_10        
 1981	7	1	3	0	2	1	-1	75	0	1	0	0	2	7	5	3	1	0	1	0	0	 1	 4	 4	4	0	0	1	3	3	4	2	3	2	7	3	2	2	2	 0	 3	5	#_11        
 1982	7	1	3	0	2	1	-1	75	0	0	3	0	2	3	4	4	5	5	1	2	0	 1	 7	 1	5	0	0	0	0	3	2	3	0	4	0	2	1	0	2	 8	 7	0	#_12        
 1983	7	1	3	0	2	1	-1	75	0	0	0	4	3	1	4	5	3	3	1	1	2	 1	 6	 2	1	0	0	1	3	2	2	5	6	5	1	0	4	0	1	 2	 2	4	#_13        
 1984	7	1	3	0	2	1	-1	75	0	0	0	3	1	0	1	1	7	4	3	2	3	 1	 2	 3	2	0	0	2	2	2	0	2	3	7	4	1	3	2	2	 3	 5	4	#_14        
 1985	7	1	3	0	2	1	-1	75	0	0	0	4	3	2	4	4	1	1	3	5	2	 2	 3	 4	5	0	0	0	3	1	4	1	1	4	3	3	5	0	0	 5	 1	1	#_15        
 1986	7	1	3	0	2	1	-1	75	0	2	1	2	4	2	1	2	4	4	1	6	1	 1	 5	 0	5	0	0	0	0	7	3	3	1	3	2	3	3	1	0	 5	 3	0	#_16        
 1987	7	1	3	0	2	1	-1	75	0	1	2	1	3	2	1	1	1	4	4	1	2	 3	 3	 5	0	0	0	1	4	2	0	3	4	8	1	3	1	2	2	 6	 2	2	#_17        
 1988	7	1	3	0	2	1	-1	75	1	0	2	1	5	4	2	2	3	1	3	3	4	 2	 8	 3	0	0	0	0	2	2	4	3	1	4	0	2	1	2	2	 4	 4	0	#_18        
 1989	7	1	3	0	2	1	-1	75	0	2	1	4	2	1	5	0	0	1	1	1	3	 1	 5	10	0	0	0	3	0	0	2	5	3	1	1	6	1	3	2	 5	 6	0	#_19        
 1990	7	1	3	0	2	1	-1	75	0	0	2	1	0	4	7	0	2	5	4	2	1	 1	 6	 2	0	0	1	1	3	4	6	2	4	2	0	0	3	3	0	 3	 6	0	#_20        
 1991	7	1	3	0	2	1	-1	75	0	0	2	1	1	3	4	2	6	3	4	4	0	 0	 6	 6	0	0	0	1	0	1	0	2	4	3	4	3	3	3	1	 4	 4	0	#_21        
 1992	7	1	3	0	2	1	-1	75	0	0	5	0	3	4	2	1	3	2	1	3	2	 2	 7	 2	0	0	0	6	1	3	5	0	2	4	6	3	0	1	0	 3	 4	0	#_22        
 1993	7	1	3	0	2	1	-1	75	0	0	2	4	0	4	5	2	3	2	2	0	4	17	 0	 0	0	0	0	0	2	1	2	3	1	1	2	0	2	3	0	13	 0	0	#_23        
 1994	7	1	3	0	2	1	-1	75	0	0	3	1	2	1	1	5	5	1	3	2	2	 3	 5	 5	3	0	0	0	3	5	3	2	5	1	3	3	1	7	0	 0	 0	0	#_24        
 1995	7	1	3	0	2	1	-1	75	2	1	1	2	2	3	2	3	3	2	4	2	2	12	 0	 0	0	0	0	0	1	3	3	2	1	4	2	1	2	1	1	 7	 4	2	#_25        
 1996	7	1	3	0	2	1	-1	75	0	0	2	1	3	2	1	0	3	2	2	2	0	 2	 9	 8	0	0	1	1	1	4	1	3	4	2	3	0	3	2	1	12	 0	0	#_26        
 1997	7	1	3	0	2	1	-1	75	0	3	1	5	2	5	0	3	1	0	1	2	1	 0	14	 0	0	0	0	0	3	2	7	5	4	4	0	2	1	2	7	 0	 0	0	#_27        
 1998	7	1	3	0	2	1	-1	75	1	0	4	2	4	0	3	1	6	1	2	1	3	 0	 9	 0	0	0	0	1	0	2	2	4	2	2	3	2	5	2	3	 4	 6	0	#_28        
 1999	7	1	3	0	2	1	-1	75	1	4	0	3	1	1	2	4	3	3	1	1	0	 1	 6	 0	0	0	2	1	2	1	4	8	3	5	4	1	2	4	1	 6	 0	0	#_29        
 2000	7	1	3	0	2	1	-1	75	0	0	0	0	1	4	9	3	3	1	2	0	1	 1	13	 0	0	0	0	3	0	4	4	2	3	2	6	1	2	2	1	 7	 0	0	#_30        
 2001	7	1	3	0	2	1	-1	75	0	4	1	1	2	3	6	4	1	5	2	0	1	 0	 8	 0	0	0	0	1	2	1	1	6	8	3	4	0	0	3	0	 8	 0	0	#_31        
 1977	7	2	3	0	2	1	-1	75	5	9	3	4	3	2	2	4	0	2	0	2	1	 1	 5	 2	0	0	2	4	7	0	1	3	2	1	3	0	0	0	1	 1	 5	0	#_32        
 1980	7	2	3	0	2	1	-1	75	2	2	0	1	4	1	4	2	3	1	1	1	1	 2	 4	 3	2	0	2	2	6	9	4	4	1	0	0	2	1	1	0	 2	 2	5	#_33        
 1983	7	2	3	0	2	1	-1	75	4	4	1	0	3	5	6	4	3	2	1	1	2	 0	 4	 7	0	0	0	2	1	3	0	2	4	0	4	2	2	0	0	 4	 2	2	#_34        
 1986	7	2	3	0	2	1	-1	75	3	2	2	5	5	3	2	4	0	1	4	4	0	 1	 6	 0	1	0	0	2	2	5	4	1	1	2	1	3	2	2	2	 3	 2	0	#_35        
 1989	7	2	3	0	2	1	-1	75	0	1	2	3	2	3	2	5	4	2	2	2	1	 6	 0	 0	0	0	2	3	6	6	2	3	0	5	3	2	1	7	0	 0	 0	0	#_36        
 1992	7	2	3	0	2	1	-1	75	2	2	2	2	3	2	5	2	1	5	1	0	1	 2	 9	 0	0	0	5	1	1	1	3	4	3	5	2	1	1	1	1	 7	 0	0	#_37        
 1995	7	2	3	0	2	1	-1	75	0	6	4	2	6	7	2	1	0	1	1	0	1	 0	 5	 0	0	0	3	7	6	3	1	1	1	1	3	2	1	0	1	 9	 0	0	#_38        
 1998	7	2	3	0	2	1	-1	75	4	1	1	5	6	4	2	0	3	2	1	1	0	 8	 0	 0	0	0	4	4	5	4	5	3	1	3	1	0	1	6	0	 0	 0	0	#_39        
 2001	7	2	3	0	2	1	-1	75	3	1	3	5	1	1	1	3	2	3	0	1	3	 0	 7	 0	0	0	4	5	5	3	3	3	3	2	0	1	1	6	1	 4	 0	0	#_40        
-9999	0	0	0	0	0	0	 0	 0	0	0	0	0	0	0	0	0	0	0	0	0	0	 0	 0	 0	0	0	0	0	0	0	0	0	0	0	0	0	0	0	0	 0	 0	0	#_terminator
#
#_MeanSize_at_Age_obs
1 #_use_MeanSize_at_Age_obs
#_Yr	Seas	FltSvy	Gender	Part	AgeErr	Ignore	f1	f2	f3	f4	f5	f6	f7	f8	f9	f10	f11	f12	f13	f14	f15	f20	f25	m1	m2	m3	m4	m5	m6	m7	m8	m9	m10	m11	m12	m13	m14	m15	m20	m25	N_f1	N_f2	N_f3	N_f4	N_f5	N_f6	N_f7	N_f8	N_f9	N_f10	N_f11	N_f12	N_f13	N_f14	N_f15	N_f20	N_f25	N_m1	N_m2	N_m3	N_m4	N_m5	N_m6	N_m7	N_m8	N_m9	N_m10	N_m11	N_m12	N_m13	N_m14	N_m15	N_m20	N_m25
1971 	7	1	3	0	1	2	30.5016	39.1019	44.6019	50.6811	54.5651	56.2006	58.1307	60.9692	63.4565	62.7844	62.8899	67.0068	69.0089	68.7119	67.0122	70.455 	74.2386	30.1296	40.2661	45.8463	49.071 	54.0716	56.5819	58.0074	61.3685	61.9486	64.1222	63.5553	63.62  	65.1838	66.8152	69.4993	68.0094	72.4009	20	20	20	20	20	20	20	20	20	20	20	20	20	20	20	20	20	20	20	20	20	20	20	20	20	20	20	20	20	20	20	20	20	20	#_1         
1995 	7	1	3	0	1	2	31.6594	39.5902	42.8644	47.9197	52.5442	55.038 	58.2732	60.4877	63.7532	61.6874	65.4738	64.5329	66.3342	68.3685	68.3221	73.9411	72.7755	32.728 	39.1518	43.8925	49.016 	52.1498	54.2799	56.8281	60.6971	61.7336	62.5832	63.2575	63.1227	65.7757	68.4759	67.8614	69.5005	70.7033	20	20	20	20	20	20	20	20	20	20	20	20	20	20	20	20	20	20	20	20	20	20	20	20	20	20	20	20	20	20	20	20	20	20	#_2         
1971 	7	2	3	0	1	2	34.341 	39.4341	41.888 	45.1368	48.2918	55.2229	55.7074	60.0513	60.789 	63.2605	64.2175	64.2787	65.013 	69.6875	68.8711	67.846 	71.943 	34.6775	40.3875	44.2242	46.0826	49.0686	50.5134	56.5155	57.3848	62.0174	60.0674	63.7251	61.1861	64.9309	66.3567	68.0793	68.8406	72.4334	20	20	20	20	20	20	20	20	20	20	20	20	20	20	20	20	20	20	20	20	20	20	20	20	20	20	20	20	20	20	20	20	20	20	#_3         
1995 	7	2	3	0	1	2	34.7963	38.9027	43.2765	47.7825	52.3642	52.9016	55.0982	58.5259	58.5046	62.6627	66.1813	64.1117	66.7942	66.1232	68.6641	73.6832	71.8679	35.1355	38.8318	44.155 	46.0042	50.2318	54.7729	56.3814	56.5969	61.4523	61.7259	64.0553	63.8768	62.2859	66.2971	68.1008	67.8813	69.9809	20	20	20	20	20	20	20	20	20	20	20	20	20	20	20	20	20	20	20	20	20	20	20	20	20	20	20	20	20	20	20	20	20	20	#_4         
-9999	0	0	0	0	0	0	0      	0      	0      	0      	0      	0      	0      	0      	0      	0      	0      	0      	0      	0      	0      	0      	0      	0      	0      	0      	0      	0      	0      	0      	0      	0      	0      	0      	0      	0      	0      	0      	0      	0      	0 	0 	0 	0 	0 	0 	0 	0 	0 	0 	0 	0 	0 	0 	0 	0 	0 	0 	0 	0 	0 	0 	0 	0 	0 	0 	0 	0 	0 	0 	0 	0 	0 	0 	#_terminator
0 #_N_environ_variables
0 #_N_sizefreq_methods
0 #_do_tags
0 #_morphcomp_data
0 #_use_selectivity_priors
#
999
