#V3.30
#C data file created using the SS_writedat function in the R package r4ss
#C should work with SS version:
#C file write time: 2020-01-23 16:14:32
#
1950 #_styr
2017 #_endyr
1 #_nseas
12 #_months_per_seas
2 #_Nsubseasons
1 #_spawn_month
1 #_Nsexes
14 #_Nages
1 #_N_areas
9 #_Nfleets
#_fleetinfo
#_type	surveytiming	area	units	need_catch_mult	fleetname
1	-1	1	1	0	CM_E   	#_1
1	-1	1	1	0	CM_W   	#_2
1	-1	1	2	0	REC    	#_3
2	-1	1	2	0	SMP_BYC	#_4
3	 1	1	1	0	HB_E   	#_5
3	 1	1	1	0	HB_W   	#_6
3	 1	1	1	0	LARVAL 	#_7
3	 1	1	1	0	VIDEO  	#_8
3	 1	1	1	0	SEAMAP 	#_9
#Bycatch_fleet_input
#_fleetindex	includeinMSY	Fmult	F_or_first_year	F_or_last_year	unused
4	1	3	2011	2014	999	#_4
#_Catch data
#_year	season	fleet	catch	catch_se
 -999	1	1	      0	0.01	#_1         
 1950	1	1	      1	0.05	#_2         
 1951	1	1	   1.99	0.05	#_3         
 1952	1	1	   2.99	0.05	#_4         
 1953	1	1	   3.98	0.05	#_5         
 1954	1	1	   4.98	0.05	#_6         
 1955	1	1	   5.98	0.05	#_7         
 1956	1	1	   6.97	0.05	#_8         
 1957	1	1	   7.97	0.05	#_9         
 1958	1	1	   8.97	0.05	#_10        
 1959	1	1	   9.96	0.05	#_11        
 1960	1	1	  10.96	0.05	#_12        
 1961	1	1	  11.95	0.05	#_13        
 1962	1	1	  12.95	0.05	#_14        
 1963	1	1	 13.935	0.05	#_15        
 1964	1	1	 15.243	0.05	#_16        
 1965	1	1	 15.143	0.05	#_17        
 1966	1	1	  7.898	0.05	#_18        
 1967	1	1	 15.998	0.05	#_19        
 1968	1	1	 31.794	0.05	#_20        
 1969	1	1	 40.498	0.05	#_21        
 1970	1	1	 37.781	0.05	#_22        
 1971	1	1	 41.252	0.05	#_23        
 1972	1	1	 36.423	0.05	#_24        
 1973	1	1	 61.426	0.05	#_25        
 1974	1	1	 58.307	0.05	#_26        
 1975	1	1	126.876	0.05	#_27        
 1976	1	1	111.482	0.05	#_28        
 1977	1	1	151.093	0.05	#_29        
 1978	1	1	129.872	0.05	#_30        
 1979	1	1	 99.001	0.05	#_31        
 1980	1	1	  72.36	0.05	#_32        
 1981	1	1	104.931	0.05	#_33        
 1982	1	1	108.487	0.05	#_34        
 1983	1	1	171.188	0.05	#_35        
 1984	1	1	241.128	0.05	#_36        
 1985	1	1	304.633	0.05	#_37        
 1986	1	1	312.554	0.05	#_38        
 1987	1	1	242.256	0.05	#_39        
 1988	1	1	 222.73	0.05	#_40        
 1989	1	1	    217	0.05	#_41        
 1990	1	1	516.745	0.05	#_42        
 1991	1	1	420.571	0.05	#_43        
 1992	1	1	538.129	0.05	#_44        
 1993	1	1	742.425	0.05	#_45        
 1994	1	1	711.928	0.05	#_46        
 1995	1	1	678.322	0.05	#_47        
 1996	1	1	523.542	0.05	#_48        
 1997	1	1	469.073	0.05	#_49        
 1998	1	1	365.002	0.05	#_50        
 1999	1	1	416.384	0.05	#_51        
 2000	1	1	315.332	0.05	#_52        
 2001	1	1	362.239	0.05	#_53        
 2002	1	1	451.753	0.05	#_54        
 2003	1	1	522.876	0.05	#_55        
 2004	1	1	420.593	0.05	#_56        
 2005	1	1	443.952	0.05	#_57        
 2006	1	1	505.012	0.05	#_58        
 2007	1	1	527.224	0.05	#_59        
 2008	1	1	809.367	0.05	#_60        
 2009	1	1	1273.01	0.05	#_61        
 2010	1	1	598.161	0.05	#_62        
 2011	1	1	1101.23	0.05	#_63        
 2012	1	1	720.121	0.05	#_64        
 2013	1	1	416.259	0.05	#_65        
 2014	1	1	502.119	0.05	#_66        
 2015	1	1	300.366	0.05	#_67        
 2016	1	1	361.166	0.05	#_68        
 2017	1	1	422.485	0.05	#_69        
 -999	1	2	      0	0.01	#_70        
 1950	1	2	   0.73	0.05	#_71        
 1951	1	2	   1.46	0.05	#_72        
 1952	1	2	   2.19	0.05	#_73        
 1953	1	2	   2.92	0.05	#_74        
 1954	1	2	   3.65	0.05	#_75        
 1955	1	2	   4.38	0.05	#_76        
 1956	1	2	   5.11	0.05	#_77        
 1957	1	2	   5.84	0.05	#_78        
 1958	1	2	   6.57	0.05	#_79        
 1959	1	2	    7.3	0.05	#_80        
 1960	1	2	   8.03	0.05	#_81        
 1961	1	2	   8.76	0.05	#_82        
 1962	1	2	   9.49	0.05	#_83        
 1963	1	2	 10.212	0.05	#_84        
 1964	1	2	 10.665	0.05	#_85        
 1965	1	2	  9.408	0.05	#_86        
 1966	1	2	  3.018	0.05	#_87        
 1967	1	2	  7.144	0.05	#_88        
 1968	1	2	 22.789	0.05	#_89        
 1969	1	2	 12.275	0.05	#_90        
 1970	1	2	 20.123	0.05	#_91        
 1971	1	2	 21.783	0.05	#_92        
 1972	1	2	 21.079	0.05	#_93        
 1973	1	2	 24.902	0.05	#_94        
 1974	1	2	 30.285	0.05	#_95        
 1975	1	2	 49.553	0.05	#_96        
 1976	1	2	 27.418	0.05	#_97        
 1977	1	2	 88.436	0.05	#_98        
 1978	1	2	 73.994	0.05	#_99        
 1979	1	2	 99.911	0.05	#_100       
 1980	1	2	 67.283	0.05	#_101       
 1981	1	2	 52.421	0.05	#_102       
 1982	1	2	 66.393	0.05	#_103       
 1983	1	2	  73.31	0.05	#_104       
 1984	1	2	384.463	0.05	#_105       
 1985	1	2	334.297	0.05	#_106       
 1986	1	2	425.595	0.05	#_107       
 1987	1	2	454.779	0.05	#_108       
 1988	1	2	449.467	0.05	#_109       
 1989	1	2	454.499	0.05	#_110       
 1990	1	2	436.021	0.05	#_111       
 1991	1	2	366.098	0.05	#_112       
 1992	1	2	476.145	0.05	#_113       
 1993	1	2	462.864	0.05	#_114       
 1994	1	2	471.416	0.05	#_115       
 1995	1	2	296.518	0.05	#_116       
 1996	1	2	295.444	0.05	#_117       
 1997	1	2	 486.12	0.05	#_118       
 1998	1	2	405.702	0.05	#_119       
 1999	1	2	497.473	0.05	#_120       
 2000	1	2	343.647	0.05	#_121       
 2001	1	2	409.773	0.05	#_122       
 2002	1	2	453.104	0.05	#_123       
 2003	1	2	570.543	0.05	#_124       
 2004	1	2	551.824	0.05	#_125       
 2005	1	2	401.583	0.05	#_126       
 2006	1	2	288.316	0.05	#_127       
 2007	1	2	547.909	0.05	#_128       
 2008	1	2	466.472	0.05	#_129       
 2009	1	2	443.974	0.05	#_130       
 2010	1	2	 356.55	0.05	#_131       
 2011	1	2	329.252	0.05	#_132       
 2012	1	2	384.454	0.05	#_133       
 2013	1	2	 225.62	0.05	#_134       
 2014	1	2	298.637	0.05	#_135       
 2015	1	2	317.712	0.05	#_136       
 2016	1	2	353.972	0.05	#_137       
 2017	1	2	312.975	0.05	#_138       
 -999	1	3	      0	0.01	#_139       
 1950	1	3	   6.03	0.15	#_140       
 1951	1	3	 16.203	0.15	#_141       
 1952	1	3	 26.376	0.15	#_142       
 1953	1	3	 36.549	0.15	#_143       
 1954	1	3	 46.722	0.15	#_144       
 1955	1	3	 56.894	0.15	#_145       
 1956	1	3	 67.067	0.15	#_146       
 1957	1	3	  77.24	0.15	#_147       
 1958	1	3	 87.413	0.15	#_148       
 1959	1	3	 97.586	0.15	#_149       
 1960	1	3	107.759	0.15	#_150       
 1961	1	3	117.932	0.15	#_151       
 1962	1	3	128.105	0.15	#_152       
 1963	1	3	138.278	0.15	#_153       
 1964	1	3	148.451	0.15	#_154       
 1965	1	3	158.623	0.15	#_155       
 1966	1	3	168.796	0.15	#_156       
 1967	1	3	178.969	0.15	#_157       
 1968	1	3	189.142	0.15	#_158       
 1969	1	3	199.315	0.15	#_159       
 1970	1	3	209.488	0.15	#_160       
 1971	1	3	219.661	0.15	#_161       
 1972	1	3	229.834	0.15	#_162       
 1973	1	3	240.007	0.15	#_163       
 1974	1	3	250.179	0.15	#_164       
 1975	1	3	260.352	0.15	#_165       
 1976	1	3	270.525	0.15	#_166       
 1977	1	3	280.698	0.15	#_167       
 1978	1	3	290.871	0.15	#_168       
 1979	1	3	301.044	0.15	#_169       
 1980	1	3	311.217	0.15	#_170       
 1981	1	3	 321.39	0.15	#_171       
 1982	1	3	705.743	0.15	#_172       
 1983	1	3	271.946	0.15	#_173       
 1984	1	3	418.872	0.15	#_174       
 1985	1	3	799.702	0.15	#_175       
 1986	1	3	 1111.4	0.15	#_176       
 1987	1	3	1366.06	0.15	#_177       
 1988	1	3	2019.03	0.15	#_178       
 1989	1	3	1106.63	0.15	#_179       
 1990	1	3	1266.87	0.15	#_180       
 1991	1	3	1600.51	0.15	#_181       
 1992	1	3	1967.02	0.15	#_182       
 1993	1	3	1480.46	0.15	#_183       
 1994	1	3	1201.99	0.15	#_184       
 1995	1	3	 1476.3	0.15	#_185       
 1996	1	3	586.052	0.15	#_186       
 1997	1	3	689.456	0.15	#_187       
 1998	1	3	362.772	0.15	#_188       
 1999	1	3	707.579	0.15	#_189       
 2000	1	3	412.816	0.15	#_190       
 2001	1	3	1227.99	0.15	#_191       
 2002	1	3	1119.19	0.15	#_192       
 2003	1	3	 1065.6	0.15	#_193       
 2004	1	3	 1101.1	0.15	#_194       
 2005	1	3	791.396	0.15	#_195       
 2006	1	3	764.251	0.15	#_196       
 2007	1	3	762.783	0.15	#_197       
 2008	1	3	681.826	0.15	#_198       
 2009	1	3	1105.57	0.15	#_199       
 2010	1	3	758.396	0.15	#_200       
 2011	1	3	1635.35	0.15	#_201       
 2012	1	3	1018.59	0.15	#_202       
 2013	1	3	1636.36	0.15	#_203       
 2014	1	3	1588.11	0.15	#_204       
 2015	1	3	1491.55	0.15	#_205       
 2016	1	3	1639.27	0.15	#_206       
 2017	1	3	2336.51	0.15	#_207       
 -999	1	4	      0	0.01	#_208       
 1950	1	4	  0.001	 0.1	#_209       
 1951	1	4	  0.001	 0.1	#_210       
 1952	1	4	  0.001	 0.1	#_211       
 1953	1	4	  0.001	 0.1	#_212       
 1954	1	4	  0.001	 0.1	#_213       
 1955	1	4	  0.001	 0.1	#_214       
 1956	1	4	  0.001	 0.1	#_215       
 1957	1	4	  0.001	 0.1	#_216       
 1958	1	4	  0.001	 0.1	#_217       
 1959	1	4	  0.001	 0.1	#_218       
 1960	1	4	  0.001	 0.1	#_219       
 1961	1	4	  0.001	 0.1	#_220       
 1962	1	4	  0.001	 0.1	#_221       
 1963	1	4	  0.001	 0.1	#_222       
 1964	1	4	  0.001	 0.1	#_223       
 1965	1	4	  0.001	 0.1	#_224       
 1966	1	4	  0.001	 0.1	#_225       
 1967	1	4	  0.001	 0.1	#_226       
 1968	1	4	  0.001	 0.1	#_227       
 1969	1	4	  0.001	 0.1	#_228       
 1970	1	4	  0.001	 0.1	#_229       
 1971	1	4	  0.001	 0.1	#_230       
 1972	1	4	  0.001	 0.1	#_231       
 1973	1	4	  0.001	 0.1	#_232       
 1974	1	4	  0.001	 0.1	#_233       
 1975	1	4	  0.001	 0.1	#_234       
 1976	1	4	  0.001	 0.1	#_235       
 1977	1	4	  0.001	 0.1	#_236       
 1978	1	4	  0.001	 0.1	#_237       
 1979	1	4	  0.001	 0.1	#_238       
 1980	1	4	  0.001	 0.1	#_239       
 1981	1	4	  0.001	 0.1	#_240       
 1982	1	4	  0.001	 0.1	#_241       
 1983	1	4	  0.001	 0.1	#_242       
 1984	1	4	  0.001	 0.1	#_243       
 1985	1	4	  0.001	 0.1	#_244       
 1986	1	4	  0.001	 0.1	#_245       
 1987	1	4	  0.001	 0.1	#_246       
 1988	1	4	  0.001	 0.1	#_247       
 1989	1	4	  0.001	 0.1	#_248       
 1990	1	4	  0.001	 0.1	#_249       
 1991	1	4	  0.001	 0.1	#_250       
 1992	1	4	  0.001	 0.1	#_251       
 1993	1	4	  0.001	 0.1	#_252       
 1994	1	4	  0.001	 0.1	#_253       
 1995	1	4	  0.001	 0.1	#_254       
 1996	1	4	  0.001	 0.1	#_255       
 1997	1	4	  0.001	 0.1	#_256       
 1998	1	4	  0.001	 0.1	#_257       
 1999	1	4	  0.001	 0.1	#_258       
 2000	1	4	  0.001	 0.1	#_259       
 2001	1	4	  0.001	 0.1	#_260       
 2002	1	4	  0.001	 0.1	#_261       
 2003	1	4	  0.001	 0.1	#_262       
 2004	1	4	  0.001	 0.1	#_263       
 2005	1	4	  0.001	 0.1	#_264       
 2006	1	4	  0.001	 0.1	#_265       
 2007	1	4	  0.001	 0.1	#_266       
 2008	1	4	  0.001	 0.1	#_267       
 2009	1	4	  0.001	 0.1	#_268       
 2010	1	4	  0.001	 0.1	#_269       
 2011	1	4	  0.001	 0.1	#_270       
 2012	1	4	  0.001	 0.1	#_271       
 2013	1	4	  0.001	 0.1	#_272       
 2014	1	4	  0.001	 0.1	#_273       
 2015	1	4	  0.001	 0.1	#_274       
 2016	1	4	  0.001	 0.1	#_275       
 2017	1	4	  0.001	 0.1	#_276       
-9999	0	0	      0	   0	#_terminator
#_CPUE_and_surveyabundance_observations
#_Units:  0=numbers; 1=biomass; 2=F; >=30 for special types
#_Errtype:  -1=normal; 0=lognormal; >0=T
#_SD_Report: 0=no sdreport; 1=enable sdreport
#_Fleet	Units	Errtype	SD_Report
1	 1	0	0	#_CM_E   
2	 1	0	0	#_CM_W   
3	 0	0	0	#_REC    
4	 2	0	0	#_SMP_BYC
5	 0	0	0	#_HB_E   
6	 0	0	0	#_HB_W   
7	30	0	0	#_LARVAL 
8	 0	0	0	#_VIDEO  
9	 0	0	0	#_SEAMAP 
#
#_CPUE_data
#_year	seas	index	obs	se_log
 1993	7	1	  1.0364	   0.224	#_1         
 1994	7	1	  1.2321	  0.1921	#_2         
 1995	7	1	   0.897	  0.2148	#_3         
 1996	7	1	  0.9506	  0.1909	#_4         
 1997	7	1	  0.8879	  0.2007	#_5         
 1998	7	1	  0.8777	  0.2021	#_6         
 1999	7	1	  0.9461	  0.1857	#_7         
 2000	7	1	  0.7915	   0.217	#_8         
 2001	7	1	  0.8663	  0.2045	#_9         
 2002	7	1	  0.9435	  0.1891	#_10        
 2003	7	1	  0.9948	  0.1817	#_11        
 2004	7	1	  0.9825	  0.1945	#_12        
 2005	7	1	  1.2854	  0.1913	#_13        
 2006	7	1	  1.3082	  0.2117	#_14        
 1993	7	2	  1.0614	  0.2946	#_15        
 1994	7	2	  1.4628	  0.2421	#_16        
 1995	7	2	  0.9335	  0.2502	#_17        
 1996	7	2	  1.0168	  0.2158	#_18        
 1997	7	2	  1.2941	  0.1657	#_19        
 1998	7	2	  1.0179	  0.1853	#_20        
 1999	7	2	  1.0543	  0.1597	#_21        
 2000	7	2	  0.7217	  0.1912	#_22        
 2001	7	2	  0.7649	  0.2006	#_23        
 2002	7	2	  1.0021	  0.1743	#_24        
 2003	7	2	   1.262	  0.1571	#_25        
 2004	7	2	  1.2453	  0.1548	#_26        
 2005	7	2	    0.77	  0.1823	#_27        
 2006	7	2	  0.3931	  0.2263	#_28        
 1986	7	3	  2.8003	  0.1343	#_29        
 1987	7	3	  1.1788	  0.2402	#_30        
 1988	7	3	  1.9112	  0.2702	#_31        
 1989	7	3	  0.8855	  0.3298	#_32        
 1990	7	3	  2.2286	  0.2462	#_33        
 1991	7	3	  1.4696	  0.1803	#_34        
 1992	7	3	   1.382	  0.1364	#_35        
 1993	7	3	  1.5362	  0.1698	#_36        
 1994	7	3	  1.4339	  0.2315	#_37        
 1995	7	3	  1.9825	  0.2322	#_38        
 1996	7	3	   1.007	  0.3018	#_39        
 1997	7	3	  0.2738	    0.22	#_40        
 1998	7	3	  0.3607	  0.1982	#_41        
 1999	7	3	  0.3871	  0.1405	#_42        
 2000	7	3	  0.3466	  0.2133	#_43        
 2001	7	3	  0.4875	  0.2051	#_44        
 2002	7	3	  0.3628	  0.2023	#_45        
 2003	7	3	   0.422	  0.1792	#_46        
 2004	7	3	  0.5428	   0.144	#_47        
 2005	7	3	  0.5814	  0.1656	#_48        
 2006	7	3	  0.5366	  0.1823	#_49        
 2007	7	3	  0.4248	  0.2114	#_50        
 2008	7	3	  0.6617	  0.2243	#_51        
 2009	7	3	  1.0235	   0.225	#_52        
 2010	7	3	  0.5612	  0.2406	#_53        
 2011	7	3	  1.3108	  0.1556	#_54        
 2012	7	3	  0.8812	   0.185	#_55        
 2013	7	3	  1.0219	   0.213	#_56        
 2014	7	3	  1.1857	  0.1501	#_57        
 2015	7	3	  0.9581	   0.156	#_58        
 2016	7	3	  0.6786	  0.1563	#_59        
 2017	7	3	  1.1759	  0.1595	#_60        
 1950	7	4	  0.1989	     0.2	#_61        
 1951	7	4	  0.2712	     0.2	#_62        
 1952	7	4	  0.3203	     0.2	#_63        
 1953	7	4	  0.3368	     0.2	#_64        
 1954	7	4	  0.4366	     0.2	#_65        
 1955	7	4	  0.4551	     0.2	#_66        
 1956	7	4	  0.5818	     0.2	#_67        
 1957	7	4	  0.6661	     0.2	#_68        
 1958	7	4	  0.8157	     0.2	#_69        
 1959	7	4	  0.8793	     0.2	#_70        
 1960	7	4	   0.879	     0.2	#_71        
 1961	7	4	  0.6658	     0.2	#_72        
 1962	7	4	  0.6411	     0.2	#_73        
 1963	7	4	  0.7308	     0.2	#_74        
 1964	7	4	  0.7719	     0.2	#_75        
 1965	7	4	  0.8567	     0.2	#_76        
 1966	7	4	  0.8431	     0.2	#_77        
 1967	7	4	  0.9184	     0.2	#_78        
 1968	7	4	  0.9332	     0.2	#_79        
 1969	7	4	  1.0604	     0.2	#_80        
 1970	7	4	  0.9991	     0.2	#_81        
 1971	7	4	  0.9527	     0.2	#_82        
 1972	7	4	  0.9488	     0.2	#_83        
 1973	7	4	   0.955	     0.2	#_84        
 1974	7	4	  0.9505	     0.2	#_85        
 1975	7	4	  0.9562	     0.2	#_86        
 1976	7	4	  0.9919	     0.2	#_87        
 1977	7	4	  1.0865	     0.2	#_88        
 1978	7	4	  1.1485	     0.2	#_89        
 1979	7	4	  1.2041	     0.2	#_90        
 1980	7	4	  1.2359	     0.2	#_91        
 1981	7	4	  1.1323	     0.2	#_92        
 1982	7	4	  1.0946	     0.2	#_93        
 1983	7	4	   1.132	     0.2	#_94        
 1984	7	4	  1.3325	     0.2	#_95        
 1985	7	4	  1.2756	     0.2	#_96        
 1986	7	4	   1.428	     0.2	#_97        
 1987	7	4	  1.2585	     0.2	#_98        
 1988	7	4	  1.1531	     0.2	#_99        
 1989	7	4	  1.2553	     0.2	#_100       
 1990	7	4	   1.143	     0.2	#_101       
 1991	7	4	  1.2043	     0.2	#_102       
 1992	7	4	  1.4239	     0.2	#_103       
 1993	7	4	  1.2065	     0.2	#_104       
 1994	7	4	  1.2105	     0.2	#_105       
 1995	7	4	  1.3497	     0.2	#_106       
 1996	7	4	  1.5532	     0.2	#_107       
 1997	7	4	  1.6139	     0.2	#_108       
 1998	7	4	  1.9655	     0.2	#_109       
 1999	7	4	  1.2638	     0.2	#_110       
 2000	7	4	  1.1051	     0.2	#_111       
 2001	7	4	  1.2471	     0.2	#_112       
 2002	7	4	  1.4721	     0.2	#_113       
 2003	7	4	  1.2373	     0.2	#_114       
 2004	7	4	  1.2403	     0.2	#_115       
 2005	7	4	  0.9899	     0.2	#_116       
 2006	7	4	  0.6319	     0.2	#_117       
 2007	7	4	  0.4591	     0.2	#_118       
 2008	7	4	  0.3236	     0.2	#_119       
 2009	7	4	  0.4905	     0.2	#_120       
 2010	7	4	  0.3512	     0.2	#_121       
 2011	7	4	  0.4088	     0.2	#_122       
 2012	7	4	  0.3685	     0.2	#_123       
 2013	7	4	    0.42	     0.2	#_124       
 2014	7	4	  0.3439	     0.2	#_125       
 2015	7	4	   0.292	     0.2	#_126       
 2016	7	4	   0.303	     0.2	#_127       
 2017	7	4	  0.3191	     0.2	#_128       
 1986	7	5	  0.9003	  0.2867	#_129       
 1987	7	5	  1.0087	  0.2748	#_130       
 1988	7	5	  2.1634	  0.1925	#_131       
 1989	7	5	  1.3429	  0.1934	#_132       
 1990	7	5	  1.6891	  0.1798	#_133       
 1991	7	5	  1.8029	  0.1783	#_134       
 1992	7	5	  2.4993	  0.1707	#_135       
 1993	7	5	  1.5989	  0.1765	#_136       
 1994	7	5	  1.7662	  0.1742	#_137       
 1995	7	5	  1.4894	  0.1863	#_138       
 1996	7	5	  0.8224	  0.1988	#_139       
 1997	7	5	  0.7356	  0.1964	#_140       
 1998	7	5	  0.1903	  0.2188	#_141       
 1999	7	5	  0.4211	  0.2329	#_142       
 2000	7	5	   0.354	   0.222	#_143       
 2001	7	5	  0.4418	  0.2137	#_144       
 2002	7	5	  0.4825	  0.2118	#_145       
 2003	7	5	  0.5873	   0.209	#_146       
 2004	7	5	  0.6285	   0.204	#_147       
 2005	7	5	  0.8121	  0.2055	#_148       
 2006	7	5	  0.5606	   0.221	#_149       
 2007	7	5	  0.3719	  0.2315	#_150       
 2008	7	5	  0.6674	  0.2009	#_151       
 2009	7	5	  0.7899	   0.197	#_152       
 2010	7	5	  0.8602	   0.215	#_153       
 2011	7	5	  1.0583	  0.1938	#_154       
 2012	7	5	  0.6563	  0.1944	#_155       
 2013	7	5	  0.8922	  0.1787	#_156       
 2014	7	5	  0.9477	  0.1678	#_157       
 2015	7	5	  0.8983	  0.1667	#_158       
 2016	7	5	  0.9572	  0.1586	#_159       
 2017	7	5	  1.6034	  0.1488	#_160       
 1986	7	6	  1.7517	  0.2083	#_161       
 1987	7	6	   1.223	  0.1987	#_162       
 1988	7	6	  0.9281	  0.2146	#_163       
 1989	7	6	  1.2908	  0.2046	#_164       
 1990	7	6	  1.7667	  0.1904	#_165       
 1991	7	6	  0.9834	  0.1948	#_166       
 1992	7	6	  0.9446	  0.1829	#_167       
 1993	7	6	  1.1496	   0.171	#_168       
 1994	7	6	  1.1375	  0.1669	#_169       
 1995	7	6	  1.2142	  0.1657	#_170       
 1996	7	6	  0.8857	  0.1722	#_171       
 1997	7	6	  0.8366	  0.1842	#_172       
 1998	7	6	  0.7963	  0.1768	#_173       
 1999	7	6	   0.687	  0.2036	#_174       
 2000	7	6	  0.5193	  0.1975	#_175       
 2001	7	6	  0.8356	  0.1901	#_176       
 2002	7	6	  0.9742	  0.1787	#_177       
 2003	7	6	  0.6355	   0.177	#_178       
 2004	7	6	   1.091	  0.1741	#_179       
 2005	7	6	  1.2184	  0.1719	#_180       
 2006	7	6	  0.6516	  0.1868	#_181       
 2007	7	6	  1.4379	  0.1805	#_182       
 2008	7	6	   0.261	   0.285	#_183       
 2009	7	6	  0.3444	  0.2194	#_184       
 2010	7	6	  1.1398	  0.2089	#_185       
 2011	7	6	  1.1647	  0.2093	#_186       
 2012	7	6	  0.9129	  0.2191	#_187       
 2013	7	6	  1.1026	  0.2211	#_188       
 2014	7	6	  0.8964	  0.2486	#_189       
 2015	7	6	  1.0534	  0.2178	#_190       
 2016	7	6	  1.1514	  0.2273	#_191       
 2017	7	6	  1.0145	  0.2523	#_192       
 1986	7	7	 0.45421	0.229322	#_193       
 1987	7	7	 1.48596	 0.18555	#_194       
 1990	7	7	 0.64378	 0.25466	#_195       
 1991	7	7	 1.42365	0.220455	#_196       
 1993	7	7	 0.57936	0.215298	#_197       
 1994	7	7	 0.96553	0.188572	#_198       
 1995	7	7	  0.7263	0.203662	#_199       
 1996	7	7	 0.66782	 0.20671	#_200       
 1997	7	7	 1.11842	0.185845	#_201       
 1999	7	7	 0.58313	0.204291	#_202       
 2000	7	7	 0.85527	0.207054	#_203       
 2001	7	7	 0.85016	0.196769	#_204       
 2003	7	7	 1.36716	0.182395	#_205       
 2006	7	7	  1.3578	0.192207	#_206       
 2007	7	7	 1.61157	0.177098	#_207       
 2009	7	7	 1.27462	0.186419	#_208       
 2010	7	7	 1.05739	0.192591	#_209       
 2011	7	7	   1.042	0.194557	#_210       
 2012	7	7	 1.07611	0.190458	#_211       
 2013	7	7	 0.96777	0.196107	#_212       
 2014	7	7	 1.06004	0.194256	#_213       
 2016	7	7	 0.83197	0.195724	#_214       
 1993	7	8	 0.66044	0.295683	#_215       
 1994	7	8	  1.1061	0.216693	#_216       
 1995	7	8	0.522724	0.507363	#_217       
 1996	7	8	0.294763	0.291294	#_218       
 1997	7	8	0.673943	0.196541	#_219       
 2002	7	8	 1.48573	0.223033	#_220       
 2004	7	8	0.359828	0.213692	#_221       
 2005	7	8	0.558559	0.160119	#_222       
 2006	7	8	 1.14229	 0.32592	#_223       
 2007	7	8	0.113646	0.156685	#_224       
 2008	7	8	 0.89507	0.209761	#_225       
 2009	7	8	0.952484	0.173403	#_226       
 2010	7	8	 1.18098	0.157207	#_227       
 2011	7	8	 1.26554	0.111457	#_228       
 2012	7	8	0.899353	0.133449	#_229       
 2013	7	8	 0.96895	0.141149	#_230       
 2014	7	8	 1.14974	 0.11175	#_231       
 2015	7	8	 1.50006	0.132806	#_232       
 2016	7	8	 2.45965	0.117429	#_233       
 2017	7	8	 1.81015	0.124566	#_234       
 2009	7	9	0.803201	0.243001	#_235       
 2010	7	9	 0.73555	0.265449	#_236       
 2011	7	9	 1.64607	0.261243	#_237       
 2012	7	9	 1.20746	0.207352	#_238       
 2013	7	9	0.875348	0.253906	#_239       
 2014	7	9	0.732375	0.260064	#_240       
 2015	7	9	0.736247	0.226881	#_241       
 2016	7	9	0.827883	0.228247	#_242       
 2017	7	9	0.693874	0.250359	#_243       
-9999	0	0	       0	       0	#_terminator
4 #_N_discard_fleets
#_discard_units (1=same_as_catchunits(bio/num); 2=fraction; 3=numbers)
#_discard_errtype:  >0 for DF of T-dist(read CV below); 0 for normal with CV; -1 for normal with se; -2 for lognormal
#
#_discard_fleet_info
#_Fleet	units	errtype
1	1	-2	#_CM_E   
2	1	-2	#_CM_W   
3	1	-2	#_REC    
4	1	-2	#_SMP_BYC
#
#_discard_data
#_Yr	Seas	Flt	Discard	Std_in
 1993	 7	 1	 0.586621	0.3	#_1         
 1994	 7	 1	 0.796557	0.3	#_2         
 1995	 7	 1	 0.790099	0.3	#_3         
 1996	 7	 1	 0.661112	0.3	#_4         
 1997	 7	 1	 0.580075	0.3	#_5         
 1998	 7	 1	 0.517331	0.3	#_6         
 1999	 7	 1	 0.578534	0.3	#_7         
 2000	 7	 1	 0.446964	0.3	#_8         
 2001	 7	 1	 0.465931	0.3	#_9         
 2002	 7	 1	 0.576385	0.3	#_10        
 2003	 7	 1	 0.674005	0.3	#_11        
 2004	 7	 1	 0.492857	0.3	#_12        
 2005	 7	 1	  63.5689	0.3	#_13        
 2006	 7	 1	   74.139	0.3	#_14        
 2007	 7	 1	   87.667	0.3	#_15        
 2008	 7	 1	  28.1288	0.3	#_16        
 2009	 7	 1	  43.9287	0.3	#_17        
 2010	 7	 1	  20.3256	0.3	#_18        
 2011	 7	 1	  35.9141	0.3	#_19        
 2012	 7	 1	  24.3331	0.3	#_20        
 2013	 7	 1	  14.1581	0.3	#_21        
 2014	 7	 1	  14.9545	0.3	#_22        
 2015	 7	 1	  11.1334	0.3	#_23        
 2016	 7	 1	   12.353	0.3	#_24        
 2017	 7	 1	  13.4989	0.3	#_25        
 1993	 7	 2	 0.113331	0.3	#_26        
 1994	 7	 2	 0.124854	0.3	#_27        
 1995	 7	 2	0.0952094	0.3	#_28        
 1996	 7	 2	0.0983132	0.3	#_29        
 1997	 7	 2	 0.189942	0.3	#_30        
 1998	 7	 2	 0.157947	0.3	#_31        
 1999	 7	 2	  0.17874	0.3	#_32        
 2000	 7	 2	 0.113289	0.3	#_33        
 2001	 7	 2	 0.142638	0.3	#_34        
 2002	 7	 2	 0.164756	0.3	#_35        
 2003	 7	 2	 0.212666	0.3	#_36        
 2004	 7	 2	 0.213955	0.3	#_37        
 2005	 7	 2	  13.3927	0.3	#_38        
 2006	 7	 2	  10.1688	0.3	#_39        
 2007	 7	 2	  18.8394	0.3	#_40        
 2008	 7	 2	   2.5055	0.3	#_41        
 2009	 7	 2	  2.31048	0.3	#_42        
 2010	 7	 2	  1.57023	0.3	#_43        
 2011	 7	 2	  1.53915	0.3	#_44        
 2012	 7	 2	  1.79913	0.3	#_45        
 2013	 7	 2	  1.48549	0.3	#_46        
 2014	 7	 2	   1.4152	0.3	#_47        
 2015	 7	 2	  1.66721	0.3	#_48        
 2016	 7	 2	  1.86036	0.3	#_49        
 2017	 7	 2	  1.64118	0.3	#_50        
 1982	 7	 3	        1	0.3	#_51        
 1983	 7	 3	       53	0.3	#_52        
 1984	 7	 3	       25	0.3	#_53        
 1985	 7	 3	       24	0.3	#_54        
 1986	 7	 3	       85	0.3	#_55        
 1987	 7	 3	       90	0.3	#_56        
 1988	 7	 3	      356	0.3	#_57        
 1989	 7	 3	      174	0.3	#_58        
 1990	 7	 3	      145	0.3	#_59        
 1991	 7	 3	      319	0.3	#_60        
 1992	 7	 3	      281	0.3	#_61        
 1993	 7	 3	      561	0.3	#_62        
 1994	 7	 3	      172	0.3	#_63        
 1995	 7	 3	      567	0.3	#_64        
 1996	 7	 3	      205	0.3	#_65        
 1997	 7	 3	       57	0.3	#_66        
 1998	 7	 3	       46	0.3	#_67        
 1999	 7	 3	      145	0.3	#_68        
 2000	 7	 3	       61	0.3	#_69        
 2001	 7	 3	      127	0.3	#_70        
 2002	 7	 3	      290	0.3	#_71        
 2003	 7	 3	      309	0.3	#_72        
 2004	 7	 3	      202	0.3	#_73        
 2005	 7	 3	      363	0.3	#_74        
 2006	 7	 3	      229	0.3	#_75        
 2007	 7	 3	      194	0.3	#_76        
 2008	 7	 3	      161	0.3	#_77        
 2009	 7	 3	      211	0.3	#_78        
 2010	 7	 3	       84	0.3	#_79        
 2011	 7	 3	      168	0.3	#_80        
 2012	 7	 3	      210	0.3	#_81        
 2013	 7	 3	      477	0.3	#_82        
 2014	 7	 3	      394	0.3	#_83        
 2015	 7	 3	      291	0.3	#_84        
 2016	 7	 3	      329	0.3	#_85        
 2017	 7	 3	      594	0.3	#_86        
 1972	-7	 4	  3779.25	0.1	#_87        
 1973	 7	-4	    28340	0.5	#_88        
 1974	 7	-4	     6814	0.5	#_89        
 1975	 7	-4	     4828	0.5	#_90        
 1976	 7	-4	     3505	0.5	#_91        
 1977	 7	-4	     2110	0.5	#_92        
 1978	 7	-4	    10090	0.5	#_93        
 1979	 7	-4	     9445	0.5	#_94        
 1980	 7	-4	     1442	0.5	#_95        
 1981	 7	-4	    12630	0.5	#_96        
 1982	 7	-4	     4254	0.5	#_97        
 1983	 7	-4	     5555	0.5	#_98        
 1984	 7	-4	    12770	0.5	#_99        
 1985	 7	-4	    11430	0.5	#_100       
 1986	 7	-4	    21760	0.5	#_101       
 1987	 7	-4	    23390	0.5	#_102       
 1988	 7	-4	     8487	0.5	#_103       
 1989	 7	-4	    12920	0.5	#_104       
 1990	 7	-4	    17150	0.5	#_105       
 1991	 7	-4	    61300	0.5	#_106       
 1992	 7	-4	     4194	0.5	#_107       
 1993	 7	-4	     2023	0.5	#_108       
 1994	 7	-4	     2439	0.5	#_109       
 1995	 7	-4	     9974	0.5	#_110       
 1996	 7	-4	    11910	0.5	#_111       
 1997	 7	-4	    11070	0.5	#_112       
 1998	 7	-4	    36260	0.5	#_113       
 1999	 7	-4	     7996	0.5	#_114       
 2000	 7	-4	     8949	0.5	#_115       
 2001	 7	-4	     5545	0.5	#_116       
 2002	 7	-4	     5394	0.5	#_117       
 2003	 7	-4	     9549	0.5	#_118       
 2004	 7	-4	     2561	0.5	#_119       
 2005	 7	-4	     4778	0.5	#_120       
 2006	 7	-4	     4189	0.5	#_121       
 2007	 7	-4	     6844	0.5	#_122       
 2008	 7	-4	     1038	0.5	#_123       
 2009	 7	-4	     2106	0.5	#_124       
 2010	 7	-4	     1111	0.5	#_125       
 2011	 7	-4	    852.3	0.5	#_126       
 2012	 7	-4	    443.3	0.5	#_127       
 2013	 7	-4	    573.5	0.5	#_128       
 2014	 7	-4	    290.7	0.5	#_129       
 2015	 7	-4	    178.6	0.5	#_130       
 2016	 7	-4	    154.9	0.5	#_131       
 2017	-7	-4	    212.3	0.5	#_132       
-9999	 0	 0	        0	  0	#_terminator
#
#_meanbodywt
0 #_use_meanbodywt
 #_DF_for_meanbodywt_T-distribution_like
#
#_population_length_bins
1 # length bin method: 1=use databins; 2=generate from binwidth,min,max below; 3=read vector
1 #_use_lencomp
#
#_len_info
#_mintailcomp	addtocomp	combine_M_F	CompressBins	CompError	ParmSelect	minsamplesize
1e-04	1e-07	0	0	0	0	1	#_CM_E   
1e-04	1e-07	0	0	0	0	1	#_CM_W   
1e-04	1e-07	0	0	0	0	1	#_REC    
1e-04	1e-07	0	0	0	0	1	#_SMP_BYC
1e-04	1e-07	0	0	0	0	1	#_HB_E   
1e-04	1e-07	0	0	0	0	1	#_HB_W   
1e-04	1e-07	0	0	0	0	1	#_LARVAL 
1e-04	1e-07	0	0	0	0	1	#_VIDEO  
1e-04	1e-07	0	0	0	0	1	#_SEAMAP 
12 #_N_lbins
#_lbin_vector
1 5 10 15 20 25 30 35 40 45 50 55 #_lbin_vector
#
#_lencomp
#_Yr	Seas	FltSvy	Gender	Part	Nsamp	l1	l5	l10	l15	l20	l25	l30	l35	l40	l45	l50	l55
 2009	7	9	0	0	35.7109	  0.108025	 0.0648148	0.138889	0.407407	0.259259	0.0216049	         0	         0	    0	    0	    0	0	#_1         
 2010	7	9	0	0	    100	 0.0259259	 0.0259259	0.203704	0.403704	0.318519	0.0222222	         0	         0	    0	    0	    0	0	#_2         
 2011	7	9	0	0	17.0472	         0	         0	0.169271	0.356771	0.369792	 0.101562	0.00260417	         0	    0	    0	    0	0	#_3         
 2012	7	9	0	0	11.0836	 0.0212766	   0.17234	0.259574	0.217021	0.225532	      0.1	0.00425532	         0	    0	    0	    0	0	#_4         
 2013	7	9	0	0	  37.52	 0.0165563	  0.013245	0.311258	0.417219	0.195364	0.0430464	         0	0.00331126	    0	    0	    0	0	#_5         
 2014	7	9	0	0	69.5069	0.00615385	 0.0338461	0.172308	0.406154	    0.36	0.0215385	         0	         0	    0	    0	    0	0	#_6         
 2015	7	9	0	0	37.9152	 0.0505618	0.00280899	 0.22191	0.491573	0.207865	0.0252809	         0	         0	    0	    0	    0	0	#_7         
 2016	7	9	0	0	 38.587	         0	0.00522193	0.281984	0.503916	0.201044	0.0078329	         0	         0	    0	    0	    0	0	#_8         
 2017	7	9	0	0	    100	         0	0.00328947	0.217105	0.411184	0.332237	0.0361842	         0	         0	    0	    0	    0	0	#_9         
 2002	7	8	0	0	17.2042	         0	         0	   0.012	   0.355	   0.346	    0.225	     0.056	     0.006	0.002	    0	    0	0	#_10        
 2004	7	8	0	0	6.56797	         0	         0	       0	   0.053	   0.419	    0.421	      0.09	     0.011	0.003	0.001	0.003	0	#_11        
 2005	7	8	0	0	38.2135	         0	         0	    0.02	    0.18	   0.319	    0.319	     0.087	      0.03	 0.03	0.012	0.004	0	#_12        
 2006	7	8	0	0	18.3509	         0	         0	   0.038	   0.289	   0.412	    0.216	     0.043	     0.003	    0	    0	    0	0	#_13        
 2007	7	8	0	0	 11.249	         0	         0	   0.039	   0.113	   0.327	    0.454	     0.038	     0.002	0.025	0.002	    0	0	#_14        
 2008	7	8	0	0	8.22767	         0	         0	       0	   0.036	   0.321	    0.339	     0.274	     0.017	    0	0.014	    0	0	#_15        
 2009	7	8	0	0	25.5467	         0	         0	       0	    0.12	   0.373	    0.327	     0.139	     0.013	    0	0.002	0.026	0	#_16        
 2010	7	8	0	0	32.1091	         0	         0	    0.09	   0.154	    0.17	    0.224	     0.187	     0.116	 0.06	    0	    0	0	#_17        
 2011	7	8	0	0	47.7004	         0	     0.047	   0.115	   0.097	   0.229	    0.291	     0.127	     0.037	0.036	0.006	0.015	0	#_18        
 2012	7	8	0	0	39.9949	         0	     0.147	   0.098	   0.218	   0.342	    0.138	     0.038	     0.007	0.013	    0	    0	0	#_19        
 2013	7	8	0	0	    100	         0	         0	   0.129	   0.231	   0.351	    0.197	     0.056	     0.028	0.008	    0	    0	0	#_20        
 2014	7	8	0	0	    100	         0	         0	   0.109	   0.205	    0.33	    0.196	     0.066	     0.032	0.049	0.005	0.008	0	#_21        
 2015	7	8	0	0	74.9048	         0	     0.113	   0.138	   0.231	   0.292	    0.122	     0.049	      0.02	0.031	0.002	0.002	0	#_22        
 2016	7	8	0	0	32.5087	         0	      0.13	   0.173	   0.142	   0.282	    0.167	     0.075	     0.018	0.011	0.002	0.002	0	#_23        
 2017	7	8	0	0	    100	         0	         0	   0.064	   0.157	   0.307	    0.233	      0.15	     0.058	0.022	 0.01	    0	0	#_24        
-9999	0	0	0	0	      0	         0	         0	       0	       0	       0	        0	         0	         0	    0	    0	    0	0	#_terminator
14 #_N_agebins
#
#_agebin_vector
1 2 3 4 5 6 7 8 9 10 11 12 13 14 #_agebin_vector
#
#_ageing_error
1 #_N_ageerror_definitions
#_age0	age1	age2	age3	age4	age5	age6	age7	age8	age9	age10	age11	age12	age13	age14
  0.5	  1.5	  2.5	  3.5	  4.5	  5.5	  6.5	  7.5	  8.5	  9.5	 10.5	 11.5	 12.5	 13.5	 14.5	#_1
0.001	0.001	0.001	0.001	0.001	0.001	0.001	0.001	0.001	0.001	0.001	0.001	0.001	0.001	0.001	#_2
#
#_age_info
#_mintailcomp	addtocomp	combine_M_F	CompressBins	CompError	ParmSelect	minsamplesize
1e-04	1e-07	0	0	0	0	1	#_CM_E   
1e-04	1e-07	0	0	0	0	1	#_CM_W   
1e-04	1e-07	0	0	0	0	1	#_REC    
1e-04	1e-07	0	0	0	0	1	#_SMP_BYC
1e-04	1e-07	0	0	0	0	1	#_HB_E   
1e-04	1e-07	0	0	0	0	1	#_HB_W   
1e-04	1e-07	0	0	0	0	1	#_LARVAL 
1e-04	1e-07	0	0	0	0	1	#_VIDEO  
1e-04	1e-07	0	0	0	0	1	#_SEAMAP 
2 #_Lbin_method: 1=poplenbins; 2=datalenbins; 3=lengths
 #_combine males into females at or below this bin number
#_Yr	Seas	FltSvy	Gender	Part	Ageerr	Lbin_lo	Lbin_hi	Nsamp	a1	a2	a3	a4	a5	a6	a7	a8	a9	a10	a11	a12	a13	a14
 1995	7	1	0	2	1	-1	-1	3.63217	          0	         0	        0	        0	 0.394387	 0.394387	 0.0361798	         0	  0.138867	         0	         0	  0.0361798	          0	          0	#_1         
 1998	7	1	0	2	1	-1	-1	6.09301	   0.147309	  0.350664	 0.374888	0.0405359	0.0494876	0.0153515	         0	         0	         0	0.00199403	 0.0056817	  0.0140889	          0	          0	#_2         
 2000	7	1	0	2	1	-1	-1	8.15637	          0	 0.0275992	 0.159098	 0.134487	0.0912199	0.0288749	  0.041472	 0.0801644	 0.0349731	 0.0395005	  0.312118	  0.0254932	  0.0225872	 0.00241242	#_3         
 2001	7	1	0	2	1	-1	-1	23.0878	          0	 0.0630591	 0.218365	 0.206976	 0.191028	 0.113576	 0.0691435	 0.0486919	 0.0240621	 0.0287817	 0.0100593	  0.0116045	  0.0112719	 0.00338113	#_4         
 2002	7	1	0	2	1	-1	-1	    100	 0.00607207	  0.200851	 0.382219	 0.125005	0.0891084	0.0684222	 0.0466527	 0.0370705	 0.0149048	 0.0071644	 0.0132149	 0.00434556	 0.00155139	 0.00341821	#_5         
 2003	7	1	0	2	1	-1	-1	23.0232	0.000506687	 0.0443242	 0.221777	 0.370034	 0.135972	0.0621314	 0.0810323	 0.0388143	 0.0238634	0.00676217	0.00560218	 0.00513444	 0.00247161	  0.0015744	#_6         
 2004	7	1	0	2	1	-1	-1	33.4958	          0	  0.036273	 0.228348	 0.255906	 0.203752	0.0829987	 0.0812621	 0.0507406	 0.0312877	 0.0117695	0.00765161	 0.00605574	 0.00284093	 0.00111426	#_7         
 2005	7	1	0	2	1	-1	-1	    100	          0	 0.0664586	 0.251734	  0.21651	 0.208961	0.0998956	 0.0370953	 0.0462111	  0.029222	 0.0174413	 0.0127651	  0.0122894	          0	 0.00141679	#_8         
 2006	7	1	0	2	1	-1	-1	 59.503	          0	 0.0985929	 0.285728	 0.211327	 0.195622	 0.102834	 0.0493743	 0.0171627	 0.0164371	 0.0141374	0.00403031	 0.00339454	          0	 0.00135989	#_9         
 2007	7	1	0	2	1	-1	-1	54.5831	 0.00999381	   0.12058	 0.248081	 0.210262	 0.157632	0.0962265	  0.054732	 0.0405979	 0.0223395	 0.0126541	0.00262769	 0.00993468	 0.00612769	  0.0082105	#_10        
 2008	7	1	0	2	1	-1	-1	    100	          0	 0.0823533	 0.274728	 0.168895	 0.137183	  0.12448	 0.0837387	 0.0437442	 0.0379876	 0.0171952	 0.0175676	 0.00756485	 0.00103372	 0.00352875	#_11        
 2009	7	1	0	2	1	-1	-1	    100	          0	 0.0858603	 0.351998	 0.221341	 0.101108	0.0654533	 0.0572522	 0.0542367	 0.0261271	 0.0170047	 0.0104292	 0.00250914	 0.00127562	 0.00540541	#_12        
 2010	7	1	0	2	1	-1	-1	32.1278	0.000826167	 0.0277626	 0.259659	  0.37014	0.0509793	0.0621234	 0.0545387	 0.0757643	 0.0488184	 0.0265539	 0.0145332	 0.00614966	0.000656844	 0.00149488	#_13        
 2011	7	1	0	2	1	-1	-1	87.0565	  0.0109057	 0.0396709	 0.118333	 0.223549	 0.230866	 0.141262	 0.0702056	 0.0651652	 0.0390863	 0.0265472	 0.0137821	 0.00839364	 0.00694546	 0.00528733	#_14        
 2012	7	1	0	2	1	-1	-1	 99.859	 0.00204991	  0.122446	 0.162421	 0.121379	 0.156396	 0.175795	  0.133466	 0.0385695	 0.0326389	 0.0166923	 0.0171954	 0.00663771	 0.00601997	 0.00829341	#_15        
 2013	7	1	0	2	1	-1	-1	55.5389	 0.00349309	  0.106655	 0.347125	 0.131351	0.0810875	0.0902725	  0.121523	 0.0635232	 0.0213216	 0.0107661	0.00737979	 0.00547443	 0.00610221	 0.00392649	#_16        
 2014	7	1	0	2	1	-1	-1	79.3432	          0	 0.0722879	 0.257951	 0.156668	0.0822727	0.0697315	 0.0650766	 0.0947815	 0.0778737	 0.0361764	  0.044188	 0.00985443	  0.0137088	  0.0194295	#_17        
 2015	7	1	0	2	1	-1	-1	    100	 0.00350696	 0.0949542	 0.248933	  0.25974	 0.102708	0.0535724	 0.0662662	 0.0539969	 0.0692284	 0.0225924	0.00600518	  0.0137806	          0	 0.00471579	#_18        
 2016	7	1	0	2	1	-1	-1	    100	 0.00162138	  0.124279	 0.294091	 0.266364	 0.139641	0.0418199	 0.0238699	 0.0251429	 0.0339659	 0.0297426	 0.0151084	          0	 0.00107976	 0.00327401	#_19        
 2017	7	1	0	2	1	-1	-1	    100	 0.00596949	  0.184101	 0.306279	 0.169638	 0.131453	0.0934546	 0.0280317	 0.0187776	 0.0128932	 0.0231082	 0.0170959	 0.00176036	 0.00400716	 0.00343167	#_20        
 1994	7	2	0	2	1	-1	-1	8.14388	          0	         0	0.0549348	 0.138988	 0.460074	0.0793384	 0.0600828	 0.0467903	         0	 0.0511245	 0.0436592	  0.0374745	  0.0164236	  0.0111111	#_21        
 1995	7	2	0	2	1	-1	-1	7.31632	          0	  0.228618	 0.140008	 0.290581	 0.251926	 0.054096	 0.0208045	         0	0.00683864	0.00712719	         0	          0	          0	          0	#_22        
 2000	7	2	0	2	1	-1	-1	64.3893	          0	         0	 0.116431	 0.163881	 0.204955	 0.100281	 0.0456186	 0.0546626	 0.0542636	 0.0857881	 0.0999145	          0	  0.0180879	  0.0561161	#_23        
 2001	7	2	0	2	1	-1	-1	48.5393	          0	 0.0181589	 0.115053	 0.165052	 0.125091	 0.120033	 0.0544766	  0.107614	0.00885609	 0.0961594	  0.029319	          0	   0.023524	   0.136664	#_24        
 2002	7	2	0	2	1	-1	-1	34.7217	          0	 0.0762326	 0.313009	 0.105371	0.0739565	0.0989993	 0.0976909	 0.0396349	 0.0415698	 0.0253687	 0.0304465	  0.0361661	  0.0152333	  0.0463217	#_25        
 2003	7	2	0	2	1	-1	-1	30.7617	 0.00335116	 0.0180178	 0.113907	 0.206123	  0.27976	 0.108041	 0.0720124	 0.0409863	 0.0566796	 0.0348715	0.00954053	  0.0211883	  0.0138389	  0.0216825	#_26        
 2004	7	2	0	2	1	-1	-1	    100	 0.00335116	 0.0180178	 0.113907	 0.206123	  0.27976	 0.108041	 0.0720124	 0.0409863	 0.0566796	 0.0348715	0.00954053	  0.0211883	  0.0138389	  0.0216825	#_27        
 2005	7	2	0	2	1	-1	-1	21.8989	 0.00470952	  0.106222	 0.143709	0.0997633	 0.334002	 0.136354	 0.0384113	 0.0326981	 0.0338023	 0.0245458	 0.0202019	 0.00731725	   0.004523	  0.0137407	#_28        
 2006	7	2	0	2	1	-1	-1	16.3316	          0	 0.0475904	 0.263763	 0.206413	0.0911024	 0.206811	 0.0878774	 0.0153821	 0.0174219	 0.0153279	  0.019573	  0.0101998	 0.00358007	   0.014958	#_29        
 2007	7	2	0	2	1	-1	-1	    100	          0	  0.017322	 0.105806	  0.22755	 0.194194	 0.125747	  0.131875	 0.0915602	 0.0442115	 0.0205938	 0.0159949	 0.00898118	 0.00545746	  0.0107072	#_30        
 2008	7	2	0	2	1	-1	-1	    100	          0	 0.0209317	0.0729436	 0.133358	 0.212405	 0.186635	  0.131894	 0.0756159	 0.0727468	 0.0347945	 0.0201205	 0.00966196	  0.0119997	  0.0168928	#_31        
 2009	7	2	0	2	1	-1	-1	    100	          0	 0.0168393	 0.160693	 0.235586	 0.158862	 0.135857	 0.0792299	 0.0573966	 0.0439607	 0.0443241	 0.0240471	 0.00848725	  0.0090155	  0.0257014	#_32        
 2010	7	2	0	2	1	-1	-1	59.9773	 0.00323145	 0.0101171	0.0981075	 0.361123	 0.176602	  0.11368	 0.0900136	 0.0495679	 0.0201788	 0.0202395	 0.0226454	 0.00969157	 0.00388815	  0.0209147	#_33        
 2011	7	2	0	2	1	-1	-1	    100	   0.029947	 0.0428205	0.0994003	 0.148903	 0.197937	  0.13162	  0.104459	 0.0769339	 0.0303766	 0.0413667	 0.0340899	  0.0224432	 0.00786845	  0.0318345	#_34        
 2012	7	2	0	2	1	-1	-1	89.4865	 0.00287105	0.00686726	0.0458322	 0.136993	 0.123472	 0.193882	  0.122683	 0.0737114	 0.0770201	 0.0564819	 0.0409215	  0.0281135	  0.0368697	  0.0542812	#_35        
 2013	7	2	0	2	1	-1	-1	48.4173	          0	 0.0204584	 0.076209	0.0879332	 0.168845	0.0583187	  0.170621	 0.0992445	 0.0594442	 0.0649058	 0.0452162	  0.0486224	  0.0275853	   0.072596	#_36        
 2014	7	2	0	2	1	-1	-1	47.0942	 0.00279479	 0.0460442	0.0986899	   0.1133	0.0859126	 0.116187	 0.0886398	 0.0840764	 0.0855692	 0.0657283	 0.0553164	  0.0436795	  0.0272656	  0.0867966	#_37        
 2015	7	2	0	2	1	-1	-1	23.1246	 0.00872748	 0.0512001	 0.289516	 0.291914	0.0635003	0.0832146	 0.0378297	 0.0274854	  0.043402	 0.0258288	 0.0189603	  0.0195772	  0.0191874	  0.0196565	#_38        
 2016	7	2	0	2	1	-1	-1	82.6412	 0.00521775	 0.0461793	 0.137688	 0.300835	 0.227592	0.0534811	    0.0365	 0.0240669	 0.0217078	 0.0317444	 0.0303201	  0.0219188	  0.0253287	  0.0374205	#_39        
 2017	7	2	0	2	1	-1	-1	89.0328	  0.0084064	 0.0835492	 0.122587	 0.191855	 0.294961	 0.143986	 0.0187442	  0.020474	 0.0183418	 0.0160059	 0.0219768	  0.0166772	  0.0104463	  0.0319885	#_40        
 1994	7	3	0	2	1	-1	-1	13.3474	          0	         0	 0.184838	 0.254916	 0.212992	 0.162414	 0.0925018	 0.0692525	 0.0230842	         0	         0	          0	          0	          0	#_41        
 1995	7	3	0	2	1	-1	-1	6.78476	          0	         0	 0.603906	        0	 0.240885	0.0347656	  0.120443	         0	         0	         0	         0	          0	          0	          0	#_42        
 1996	7	3	0	2	1	-1	-1	77.8847	 0.00434191	 0.0731112	 0.192026	 0.185998	 0.201167	 0.168828	 0.0613289	 0.0501036	 0.0205745	 0.0355536	0.00407531	0.000991832	 0.00189939	          0	#_43        
 1997	7	3	0	2	1	-1	-1	15.0732	          0	  0.255617	0.0647999	 0.200838	 0.107442	 0.204233	 0.0952378	 0.0135135	 0.0583193	         0	         0	          0	          0	          0	#_44        
 1998	7	3	0	2	1	-1	-1	13.4016	          0	 0.0285006	 0.371083	 0.322624	 0.123871	0.0285006	 0.0769605	 0.0484599	         0	         0	         0	          0	          0	          0	#_45        
 1999	7	3	0	2	1	-1	-1	25.6013	  0.0432624	  0.207786	 0.298217	 0.168088	0.0878798	0.0487921	 0.0391802	 0.0726849	 0.0191067	0.00917321	0.00194313	 0.00194313	 0.00194313	          0	#_46        
 2000	7	3	0	2	1	-1	-1	61.7787	          0	 0.0316463	 0.194986	  0.23077	 0.221596	 0.118038	 0.0587107	 0.0689586	 0.0369047	  0.029557	0.00344446	 0.00196703	          0	 0.00342062	#_47        
 2001	7	3	0	2	1	-1	-1	7.04041	          0	 0.0417025	0.0460383	 0.151182	 0.369727	 0.119045	  0.126021	 0.0487535	 0.0132256	 0.0502075	   0.01701	  0.0129993	  0.0040885	          0	#_48        
 2002	7	3	0	2	1	-1	-1	15.2572	          0	 0.0802383	 0.234442	 0.101117	 0.174018	 0.122409	  0.150588	 0.0812404	 0.0262934	0.00824163	0.00556225	 0.00863375	 0.00721684	          0	#_49        
 2003	7	3	0	2	1	-1	-1	19.9155	          0	   0.15195	  0.14362	 0.351403	0.0891948	 0.105595	  0.100071	 0.0290098	 0.0238765	0.00527937	         0	          0	          0	          0	#_50        
 2004	7	3	0	2	1	-1	-1	4.26588	          0	         0	0.0607816	 0.298263	 0.438281	0.0693127	 0.0868027	 0.0117654	 0.0124122	 0.0207023	0.00167882	          0	          0	          0	#_51        
 2005	7	3	0	2	1	-1	-1	54.3111	          0	  0.138317	 0.284754	 0.227681	 0.196724	0.0807355	 0.0232193	 0.0215031	  0.001952	0.00673079	 0.0183837	          0	          0	          0	#_52        
 2006	7	3	0	2	1	-1	-1	93.4607	          0	 0.0858509	 0.172955	 0.267077	 0.220357	 0.108275	  0.100546	 0.0134812	 0.0224701	0.00898893	         0	          0	          0	          0	#_53        
 2007	7	3	0	2	1	-1	-1	    100	          0	 0.0480519	 0.201084	  0.32129	 0.191493	 0.107755	 0.0484905	 0.0342847	 0.0282371	 0.0104904	0.00386277	  0.0021351	0.000548564	 0.00227624	#_54        
 2008	7	3	0	2	1	-1	-1	42.5761	 0.00300425	 0.0835436	 0.188719	 0.167586	 0.167131	  0.16573	  0.119501	 0.0505685	 0.0338767	 0.0083009	0.00596924	 0.00219093	0.000441371	 0.00343703	#_55        
 2009	7	3	0	2	1	-1	-1	    100	 0.00167792	  0.115012	 0.376919	 0.194234	 0.131202	0.0816337	  0.049886	  0.024248	 0.0164856	0.00488037	0.00224683	 0.00140787	0.000166339	          0	#_56        
 2010	7	3	0	2	1	-1	-1	20.5161	 0.00601537	 0.0529113	 0.396606	 0.359555	0.0709539	0.0536746	 0.0324048	 0.0155561	0.00695637	0.00243683	 0.0013333	          0	          0	 0.00159614	#_57        
 2011	7	3	0	2	1	-1	-1	78.7577	 0.00457442	 0.0535605	 0.173232	 0.228771	 0.254493	 0.195369	 0.0474979	 0.0286107	0.00490752	0.00487777	0.00258259	 0.00152362	          0	          0	#_58        
 2012	7	3	0	2	1	-1	-1	    100	 0.00174216	  0.127074	 0.237703	 0.251047	 0.117745	 0.149064	 0.0645785	 0.0183974	 0.0186896	0.00812018	0.00226338	 0.00164876	 0.00134883	 0.00057887	#_59        
 2013	7	3	0	2	1	-1	-1	    100	 0.00493382	   0.10542	 0.340517	 0.220335	  0.15678	0.0663547	 0.0639573	 0.0201357	0.00986498	0.00711231	0.00273648	0.000545259	  0.0013076	          0	#_60        
 2014	7	3	0	2	1	-1	-1	    100	 0.00158392	 0.0925574	 0.375913	 0.246526	0.0821614	0.0832332	 0.0333977	 0.0438903	 0.0244732	0.00527518	 0.0057619	 0.00206967	0.000900335	 0.00225657	#_61        
 2015	7	3	0	2	1	-1	-1	46.1314	 0.00951969	  0.181144	 0.395927	 0.283395	0.0594957	0.0192608	0.00963969	 0.0178704	 0.0153898	0.00342422	0.00211739	 0.00179284	0.000699004	0.000324215	#_62        
 2016	7	3	0	2	1	-1	-1	    100	 0.00448749	  0.121551	  0.29382	 0.309993	 0.193398	0.0366084	 0.0130752	0.00495713	0.00928276	0.00646313	 0.0026139	 0.00174993	 0.00101808	0.000982482	#_63        
 2017	7	3	0	2	1	-1	-1	    100	 0.00255748	  0.190852	 0.310378	 0.210917	 0.144049	0.0933445	 0.0145642	0.00972891	 0.0050408	 0.0089645	0.00300496	 0.00320179	 0.00218286	 0.00121366	#_64        
-9999	0	0	0	0	0	 0	 0	      0	          0	         0	        0	        0	        0	        0	         0	         0	         0	         0	         0	          0	          0	          0	#_terminator
#
#_MeanSize_at_Age_obs
0 #_use_MeanSize_at_Age_obs
0 #_N_environ_variables
0 #_N_sizefreq_methods
0 #_do_tags
0 #_morphcomp_data
0 #_use_selectivity_priors
#
999
