#V3.30
#C data file created using the SS_writedat function in the R package r4ss
#C should work with SS version:
#C file write time: 2020-01-23 16:14:32
#
1950 #_styr
2017 #_endyr
1 #_nseas
12 #_months_per_seas
2 #_Nsubseasons
1 #_spawn_month
1 #_Nsexes
14 #_Nages
1 #_N_areas
9 #_Nfleets
#_fleetinfo
#_type	surveytiming	area	units	need_catch_mult	fleetname
1	-1	1	1	0	CM_E   	#_1
1	-1	1	1	0	CM_W   	#_2
1	-1	1	2	0	REC    	#_3
2	-1	1	2	0	SMP_BYC	#_4
3	 1	1	1	0	HB_E   	#_5
3	 1	1	1	0	HB_W   	#_6
3	 1	1	1	0	LARVAL 	#_7
3	 1	1	1	0	VIDEO  	#_8
3	 1	1	1	0	SEAMAP 	#_9
#Bycatch_fleet_input
#_fleetindex	includeinMSY	Fmult	F_or_first_year	F_or_last_year	unused
4	1	3	2011	2014	999	#_4
#_Catch data
#_year	season	fleet	catch	catch_se
 -999	1	1	       0	0.01	#_1         
 1950	1	1	 1.16639	0.05	#_2         
 1951	1	1	 2.07335	0.05	#_3         
 1952	1	1	 3.04274	0.05	#_4         
 1953	1	1	 3.93784	0.05	#_5         
 1954	1	1	 4.78629	0.05	#_6         
 1955	1	1	 5.73471	0.05	#_7         
 1956	1	1	 6.85627	0.05	#_8         
 1957	1	1	 7.97741	0.05	#_9         
 1958	1	1	  8.8078	0.05	#_10        
 1959	1	1	 9.81388	0.05	#_11        
 1960	1	1	 10.9266	0.05	#_12        
 1961	1	1	 12.3057	0.05	#_13        
 1962	1	1	 14.0603	0.05	#_14        
 1963	1	1	 14.4517	0.05	#_15        
 1964	1	1	 14.7239	0.05	#_16        
 1965	1	1	 15.6982	0.05	#_17        
 1966	1	1	 8.29251	0.05	#_18        
 1967	1	1	 17.1907	0.05	#_19        
 1968	1	1	 28.3273	0.05	#_20        
 1969	1	1	 41.8227	0.05	#_21        
 1970	1	1	 36.6121	0.05	#_22        
 1971	1	1	 38.6014	0.05	#_23        
 1972	1	1	 36.3982	0.05	#_24        
 1973	1	1	 55.9231	0.05	#_25        
 1974	1	1	 56.1071	0.05	#_26        
 1975	1	1	 124.032	0.05	#_27        
 1976	1	1	 106.612	0.05	#_28        
 1977	1	1	 161.047	0.05	#_29        
 1978	1	1	 125.158	0.05	#_30        
 1979	1	1	 90.8753	0.05	#_31        
 1980	1	1	 66.8929	0.05	#_32        
 1981	1	1	 104.876	0.05	#_33        
 1982	1	1	 113.716	0.05	#_34        
 1983	1	1	 169.856	0.05	#_35        
 1984	1	1	 214.352	0.05	#_36        
 1985	1	1	 283.341	0.05	#_37        
 1986	1	1	 302.001	0.05	#_38        
 1987	1	1	 240.623	0.05	#_39        
 1988	1	1	 246.959	0.05	#_40        
 1989	1	1	 226.144	0.05	#_41        
 1990	1	1	 536.095	0.05	#_42        
 1991	1	1	 419.873	0.05	#_43        
 1992	1	1	 556.838	0.05	#_44        
 1993	1	1	 741.233	0.05	#_45        
 1994	1	1	  790.45	0.05	#_46        
 1995	1	1	 705.043	0.05	#_47        
 1996	1	1	 516.137	0.05	#_48        
 1997	1	1	 456.739	0.05	#_49        
 1998	1	1	 348.751	0.05	#_50        
 1999	1	1	 419.124	0.05	#_51        
 2000	1	1	 306.811	0.05	#_52        
 2001	1	1	 347.636	0.05	#_53        
 2002	1	1	 416.137	0.05	#_54        
 2003	1	1	  572.48	0.05	#_55        
 2004	1	1	 443.786	0.05	#_56        
 2005	1	1	 440.051	0.05	#_57        
 2006	1	1	 501.235	0.05	#_58        
 2007	1	1	 503.176	0.05	#_59        
 2008	1	1	  785.04	0.05	#_60        
 2009	1	1	 1266.67	0.05	#_61        
 2010	1	1	 573.627	0.05	#_62        
 2011	1	1	  1035.4	0.05	#_63        
 2012	1	1	 735.856	0.05	#_64        
 2013	1	1	 439.478	0.05	#_65        
 2014	1	1	 473.215	0.05	#_66        
 2015	1	1	 361.216	0.05	#_67        
 2016	1	1	   362.3	0.05	#_68        
 2017	1	1	 399.111	0.05	#_69        
 -999	1	2	       0	0.01	#_70        
 1950	1	2	0.757006	0.05	#_71        
 1951	1	2	 1.51092	0.05	#_72        
 1952	1	2	 2.02914	0.05	#_73        
 1953	1	2	 2.84479	0.05	#_74        
 1954	1	2	 3.46876	0.05	#_75        
 1955	1	2	 4.44892	0.05	#_76        
 1956	1	2	 5.10079	0.05	#_77        
 1957	1	2	 5.86575	0.05	#_78        
 1958	1	2	 6.30642	0.05	#_79        
 1959	1	2	 7.38145	0.05	#_80        
 1960	1	2	 7.60658	0.05	#_81        
 1961	1	2	 8.42053	0.05	#_82        
 1962	1	2	 9.74925	0.05	#_83        
 1963	1	2	 10.0955	0.05	#_84        
 1964	1	2	 11.2885	0.05	#_85        
 1965	1	2	  10.079	0.05	#_86        
 1966	1	2	 3.21213	0.05	#_87        
 1967	1	2	 7.55318	0.05	#_88        
 1968	1	2	  23.187	0.05	#_89        
 1969	1	2	 13.5662	0.05	#_90        
 1970	1	2	 20.1662	0.05	#_91        
 1971	1	2	 21.4653	0.05	#_92        
 1972	1	2	 20.8532	0.05	#_93        
 1973	1	2	 25.9524	0.05	#_94        
 1974	1	2	 27.1838	0.05	#_95        
 1975	1	2	  47.757	0.05	#_96        
 1976	1	2	 28.4861	0.05	#_97        
 1977	1	2	 86.9245	0.05	#_98        
 1978	1	2	 70.7067	0.05	#_99        
 1979	1	2	 94.5189	0.05	#_100       
 1980	1	2	 71.7049	0.05	#_101       
 1981	1	2	 49.5914	0.05	#_102       
 1982	1	2	 70.5539	0.05	#_103       
 1983	1	2	 70.2782	0.05	#_104       
 1984	1	2	 367.019	0.05	#_105       
 1985	1	2	 344.638	0.05	#_106       
 1986	1	2	 437.754	0.05	#_107       
 1987	1	2	  469.69	0.05	#_108       
 1988	1	2	 452.048	0.05	#_109       
 1989	1	2	 406.388	0.05	#_110       
 1990	1	2	 442.862	0.05	#_111       
 1991	1	2	 369.087	0.05	#_112       
 1992	1	2	 470.892	0.05	#_113       
 1993	1	2	 455.226	0.05	#_114       
 1994	1	2	 457.776	0.05	#_115       
 1995	1	2	 299.543	0.05	#_116       
 1996	1	2	 299.775	0.05	#_117       
 1997	1	2	 480.829	0.05	#_118       
 1998	1	2	 397.117	0.05	#_119       
 1999	1	2	 481.069	0.05	#_120       
 2000	1	2	  362.66	0.05	#_121       
 2001	1	2	 392.068	0.05	#_122       
 2002	1	2	 448.807	0.05	#_123       
 2003	1	2	   522.3	0.05	#_124       
 2004	1	2	 569.509	0.05	#_125       
 2005	1	2	 408.931	0.05	#_126       
 2006	1	2	 278.458	0.05	#_127       
 2007	1	2	 522.921	0.05	#_128       
 2008	1	2	 403.962	0.05	#_129       
 2009	1	2	 419.438	0.05	#_130       
 2010	1	2	 375.424	0.05	#_131       
 2011	1	2	 317.262	0.05	#_132       
 2012	1	2	 381.958	0.05	#_133       
 2013	1	2	 241.544	0.05	#_134       
 2014	1	2	 289.025	0.05	#_135       
 2015	1	2	 320.373	0.05	#_136       
 2016	1	2	 335.112	0.05	#_137       
 2017	1	2	   306.6	0.05	#_138       
 -999	1	3	       0	0.01	#_139       
 1950	1	3	 5.37647	0.15	#_140       
 1951	1	3	 13.3723	0.15	#_141       
 1952	1	3	 33.3041	0.15	#_142       
 1953	1	3	 35.5185	0.15	#_143       
 1954	1	3	 46.4106	0.15	#_144       
 1955	1	3	 56.4348	0.15	#_145       
 1956	1	3	 79.6204	0.15	#_146       
 1957	1	3	 81.8222	0.15	#_147       
 1958	1	3	 103.527	0.15	#_148       
 1959	1	3	 88.0634	0.15	#_149       
 1960	1	3	 76.3985	0.15	#_150       
 1961	1	3	 91.9616	0.15	#_151       
 1962	1	3	  136.75	0.15	#_152       
 1963	1	3	 119.387	0.15	#_153       
 1964	1	3	  132.28	0.15	#_154       
 1965	1	3	 179.584	0.15	#_155       
 1966	1	3	 206.384	0.15	#_156       
 1967	1	3	 200.617	0.15	#_157       
 1968	1	3	 148.884	0.15	#_158       
 1969	1	3	 235.338	0.15	#_159       
 1970	1	3	 230.223	0.15	#_160       
 1971	1	3	  170.15	0.15	#_161       
 1972	1	3	 218.818	0.15	#_162       
 1973	1	3	 260.063	0.15	#_163       
 1974	1	3	   243.1	0.15	#_164       
 1975	1	3	  240.51	0.15	#_165       
 1976	1	3	 239.959	0.15	#_166       
 1977	1	3	 184.144	0.15	#_167       
 1978	1	3	 370.146	0.15	#_168       
 1979	1	3	 248.577	0.15	#_169       
 1980	1	3	 376.801	0.15	#_170       
 1981	1	3	  327.69	0.15	#_171       
 1982	1	3	 695.088	0.15	#_172       
 1983	1	3	 258.481	0.15	#_173       
 1984	1	3	  443.99	0.15	#_174       
 1985	1	3	 850.375	0.15	#_175       
 1986	1	3	 1231.14	0.15	#_176       
 1987	1	3	 1113.86	0.15	#_177       
 1988	1	3	 1543.45	0.15	#_178       
 1989	1	3	 1303.99	0.15	#_179       
 1990	1	3	 1278.07	0.15	#_180       
 1991	1	3	 1216.79	0.15	#_181       
 1992	1	3	 2209.76	0.15	#_182       
 1993	1	3	 1586.29	0.15	#_183       
 1994	1	3	 1120.99	0.15	#_184       
 1995	1	3	 1752.13	0.15	#_185       
 1996	1	3	 583.615	0.15	#_186       
 1997	1	3	 811.798	0.15	#_187       
 1998	1	3	 328.388	0.15	#_188       
 1999	1	3	 804.513	0.15	#_189       
 2000	1	3	 450.106	0.15	#_190       
 2001	1	3	 1007.78	0.15	#_191       
 2002	1	3	 779.625	0.15	#_192       
 2003	1	3	 1027.06	0.15	#_193       
 2004	1	3	 1113.24	0.15	#_194       
 2005	1	3	 786.282	0.15	#_195       
 2006	1	3	 969.307	0.15	#_196       
 2007	1	3	 709.593	0.15	#_197       
 2008	1	3	  494.66	0.15	#_198       
 2009	1	3	 1089.36	0.15	#_199       
 2010	1	3	 973.588	0.15	#_200       
 2011	1	3	 1546.46	0.15	#_201       
 2012	1	3	 1191.14	0.15	#_202       
 2013	1	3	 1734.76	0.15	#_203       
 2014	1	3	 1481.56	0.15	#_204       
 2015	1	3	 1185.62	0.15	#_205       
 2016	1	3	 1275.23	0.15	#_206       
 2017	1	3	 2900.57	0.15	#_207       
 -999	1	4	       0	0.01	#_208       
 1950	1	4	     0.1	 0.1	#_209       
 1951	1	4	     0.1	 0.1	#_210       
 1952	1	4	     0.1	 0.1	#_211       
 1953	1	4	     0.1	 0.1	#_212       
 1954	1	4	     0.1	 0.1	#_213       
 1955	1	4	     0.1	 0.1	#_214       
 1956	1	4	     0.1	 0.1	#_215       
 1957	1	4	     0.1	 0.1	#_216       
 1958	1	4	     0.1	 0.1	#_217       
 1959	1	4	     0.1	 0.1	#_218       
 1960	1	4	     0.1	 0.1	#_219       
 1961	1	4	     0.1	 0.1	#_220       
 1962	1	4	     0.1	 0.1	#_221       
 1963	1	4	     0.1	 0.1	#_222       
 1964	1	4	     0.1	 0.1	#_223       
 1965	1	4	     0.1	 0.1	#_224       
 1966	1	4	     0.1	 0.1	#_225       
 1967	1	4	     0.1	 0.1	#_226       
 1968	1	4	     0.1	 0.1	#_227       
 1969	1	4	     0.1	 0.1	#_228       
 1970	1	4	     0.1	 0.1	#_229       
 1971	1	4	     0.1	 0.1	#_230       
 1972	1	4	     0.1	 0.1	#_231       
 1973	1	4	     0.1	 0.1	#_232       
 1974	1	4	     0.1	 0.1	#_233       
 1975	1	4	     0.1	 0.1	#_234       
 1976	1	4	     0.1	 0.1	#_235       
 1977	1	4	     0.1	 0.1	#_236       
 1978	1	4	     0.1	 0.1	#_237       
 1979	1	4	     0.1	 0.1	#_238       
 1980	1	4	     0.1	 0.1	#_239       
 1981	1	4	     0.1	 0.1	#_240       
 1982	1	4	     0.1	 0.1	#_241       
 1983	1	4	     0.1	 0.1	#_242       
 1984	1	4	     0.1	 0.1	#_243       
 1985	1	4	     0.1	 0.1	#_244       
 1986	1	4	     0.1	 0.1	#_245       
 1987	1	4	     0.1	 0.1	#_246       
 1988	1	4	     0.1	 0.1	#_247       
 1989	1	4	     0.1	 0.1	#_248       
 1990	1	4	     0.1	 0.1	#_249       
 1991	1	4	     0.1	 0.1	#_250       
 1992	1	4	     0.1	 0.1	#_251       
 1993	1	4	     0.1	 0.1	#_252       
 1994	1	4	     0.1	 0.1	#_253       
 1995	1	4	     0.1	 0.1	#_254       
 1996	1	4	     0.1	 0.1	#_255       
 1997	1	4	     0.1	 0.1	#_256       
 1998	1	4	     0.1	 0.1	#_257       
 1999	1	4	     0.1	 0.1	#_258       
 2000	1	4	     0.1	 0.1	#_259       
 2001	1	4	     0.1	 0.1	#_260       
 2002	1	4	     0.1	 0.1	#_261       
 2003	1	4	     0.1	 0.1	#_262       
 2004	1	4	     0.1	 0.1	#_263       
 2005	1	4	     0.1	 0.1	#_264       
 2006	1	4	     0.1	 0.1	#_265       
 2007	1	4	     0.1	 0.1	#_266       
 2008	1	4	     0.1	 0.1	#_267       
 2009	1	4	     0.1	 0.1	#_268       
 2010	1	4	     0.1	 0.1	#_269       
 2011	1	4	     0.1	 0.1	#_270       
 2012	1	4	     0.1	 0.1	#_271       
 2013	1	4	     0.1	 0.1	#_272       
 2014	1	4	     0.1	 0.1	#_273       
 2015	1	4	     0.1	 0.1	#_274       
 2016	1	4	     0.1	 0.1	#_275       
 2017	1	4	     0.1	 0.1	#_276       
-9999	0	0	       0	   0	#_terminator
#_CPUE_and_surveyabundance_observations
#_Units:  0=numbers; 1=biomass; 2=F; >=30 for special types
#_Errtype:  -1=normal; 0=lognormal; >0=T
#_SD_Report: 0=no sdreport; 1=enable sdreport
#_Fleet	Units	Errtype	SD_Report
1	 1	0	0	#_CM_E   
2	 1	0	0	#_CM_W   
3	 0	0	0	#_REC    
4	 2	0	0	#_SMP_BYC
5	 0	0	0	#_HB_E   
6	 0	0	0	#_HB_W   
7	30	0	0	#_LARVAL 
8	 0	0	0	#_VIDEO  
9	 0	0	0	#_SEAMAP 
#
#_CPUE_data
#_year	seas	index	obs	se_log
 1993	7	1	  1.23189	   0.224	#_1         
 1994	7	1	 0.875046	  0.1921	#_2         
 1995	7	1	  1.19668	  0.2148	#_3         
 1996	7	1	  1.15535	  0.1909	#_4         
 1997	7	1	  1.13811	  0.2007	#_5         
 1998	7	1	   1.4988	  0.2021	#_6         
 1999	7	1	  1.05332	  0.1857	#_7         
 2000	7	1	  1.03556	   0.217	#_8         
 2001	7	1	 0.873069	  0.2045	#_9         
 2002	7	1	  1.23811	  0.1891	#_10        
 2003	7	1	 0.941152	  0.1817	#_11        
 2004	7	1	 0.892157	  0.1945	#_12        
 2005	7	1	  1.34624	  0.1913	#_13        
 2006	7	1	 0.794775	  0.2117	#_14        
 1993	7	2	     1.27	  0.2946	#_15        
 1994	7	2	 0.974629	  0.2421	#_16        
 1995	7	2	 0.759215	  0.2502	#_17        
 1996	7	2	 0.653847	  0.2158	#_18        
 1997	7	2	  1.34592	  0.1657	#_19        
 1998	7	2	  1.11723	  0.1853	#_20        
 1999	7	2	 0.802454	  0.1597	#_21        
 2000	7	2	  1.00827	  0.1912	#_22        
 2001	7	2	  1.17156	  0.2006	#_23        
 2002	7	2	  1.10629	  0.1743	#_24        
 2003	7	2	 0.872429	  0.1571	#_25        
 2004	7	2	  1.28157	  0.1548	#_26        
 2005	7	2	 0.784723	  0.1823	#_27        
 2006	7	2	 0.756277	  0.2263	#_28        
 1986	7	3	  1.21052	  0.1343	#_29        
 1987	7	3	  1.12213	  0.2402	#_30        
 1988	7	3	  1.38613	  0.2702	#_31        
 1989	7	3	  1.63869	  0.3298	#_32        
 1990	7	3	 0.819542	  0.2462	#_33        
 1991	7	3	 0.818702	  0.1803	#_34        
 1992	7	3	  1.34467	  0.1364	#_35        
 1993	7	3	  1.44268	  0.1698	#_36        
 1994	7	3	  1.35727	  0.2315	#_37        
 1995	7	3	  1.21634	  0.2322	#_38        
 1996	7	3	 0.651122	  0.3018	#_39        
 1997	7	3	  0.72778	    0.22	#_40        
 1998	7	3	 0.631345	  0.1982	#_41        
 1999	7	3	 0.824043	  0.1405	#_42        
 2000	7	3	   1.2096	  0.2133	#_43        
 2001	7	3	 0.928056	  0.2051	#_44        
 2002	7	3	  0.81013	  0.2023	#_45        
 2003	7	3	 0.737722	  0.1792	#_46        
 2004	7	3	 0.691095	   0.144	#_47        
 2005	7	3	 0.475617	  0.1656	#_48        
 2006	7	3	 0.316203	  0.1823	#_49        
 2007	7	3	 0.557536	  0.2114	#_50        
 2008	7	3	 0.713589	  0.2243	#_51        
 2009	7	3	 0.583185	   0.225	#_52        
 2010	7	3	 0.701347	  0.2406	#_53        
 2011	7	3	  1.16544	  0.1556	#_54        
 2012	7	3	 0.666615	   0.185	#_55        
 2013	7	3	 0.713808	   0.213	#_56        
 2014	7	3	 0.940235	  0.1501	#_57        
 2015	7	3	 0.932652	   0.156	#_58        
 2016	7	3	 0.936158	  0.1563	#_59        
 2017	7	3	 0.843579	  0.1595	#_60        
 1950	7	4	 0.042507	     0.2	#_61        
 1951	7	4	0.0399478	     0.2	#_62        
 1952	7	4	0.0254359	     0.2	#_63        
 1953	7	4	0.0515982	     0.2	#_64        
 1954	7	4	0.0423472	     0.2	#_65        
 1955	7	4	0.0340599	     0.2	#_66        
 1956	7	4	0.0359723	     0.2	#_67        
 1957	7	4	0.0454602	     0.2	#_68        
 1958	7	4	0.0391232	     0.2	#_69        
 1959	7	4	0.0354716	     0.2	#_70        
 1960	7	4	0.0520299	     0.2	#_71        
 1961	7	4	0.0366824	     0.2	#_72        
 1962	7	4	 0.034534	     0.2	#_73        
 1963	7	4	0.0530662	     0.2	#_74        
 1964	7	4	0.0287376	     0.2	#_75        
 1965	7	4	0.0454674	     0.2	#_76        
 1966	7	4	0.0508399	     0.2	#_77        
 1967	7	4	0.0394674	     0.2	#_78        
 1968	7	4	0.0421133	     0.2	#_79        
 1969	7	4	0.0481323	     0.2	#_80        
 1970	7	4	0.0312067	     0.2	#_81        
 1971	7	4	 0.032961	     0.2	#_82        
 1972	7	4	0.0354615	     0.2	#_83        
 1973	7	4	0.0371134	     0.2	#_84        
 1974	7	4	0.0336529	     0.2	#_85        
 1975	7	4	0.0348415	     0.2	#_86        
 1976	7	4	0.0321333	     0.2	#_87        
 1977	7	4	0.0348365	     0.2	#_88        
 1978	7	4	0.0512836	     0.2	#_89        
 1979	7	4	0.0630202	     0.2	#_90        
 1980	7	4	0.0343893	     0.2	#_91        
 1981	7	4	0.0523683	     0.2	#_92        
 1982	7	4	0.0476301	     0.2	#_93        
 1983	7	4	0.0311658	     0.2	#_94        
 1984	7	4	0.0488057	     0.2	#_95        
 1985	7	4	0.0333817	     0.2	#_96        
 1986	7	4	0.0381705	     0.2	#_97        
 1987	7	4	0.0370337	     0.2	#_98        
 1988	7	4	0.0553837	     0.2	#_99        
 1989	7	4	0.0411627	     0.2	#_100       
 1990	7	4	0.0422959	     0.2	#_101       
 1991	7	4	0.0577011	     0.2	#_102       
 1992	7	4	0.0298489	     0.2	#_103       
 1993	7	4	0.0426216	     0.2	#_104       
 1994	7	4	0.0396568	     0.2	#_105       
 1995	7	4	 0.037818	     0.2	#_106       
 1996	7	4	0.0326973	     0.2	#_107       
 1997	7	4	0.0413609	     0.2	#_108       
 1998	7	4	0.0463032	     0.2	#_109       
 1999	7	4	0.0467319	     0.2	#_110       
 2000	7	4	0.0367806	     0.2	#_111       
 2001	7	4	 0.045869	     0.2	#_112       
 2002	7	4	0.0368896	     0.2	#_113       
 2003	7	4	0.0294231	     0.2	#_114       
 2004	7	4	 0.041897	     0.2	#_115       
 2005	7	4	0.0567349	     0.2	#_116       
 2006	7	4	0.0462924	     0.2	#_117       
 2007	7	4	0.0500824	     0.2	#_118       
 2008	7	4	0.0420173	     0.2	#_119       
 2009	7	4	0.0365865	     0.2	#_120       
 2010	7	4	0.0256134	     0.2	#_121       
 2011	7	4	0.0346976	     0.2	#_122       
 2012	7	4	0.0363449	     0.2	#_123       
 2013	7	4	 0.053164	     0.2	#_124       
 2014	7	4	0.0335972	     0.2	#_125       
 2015	7	4	0.0372483	     0.2	#_126       
 2016	7	4	0.0371723	     0.2	#_127       
 2017	7	4	0.0758378	     0.2	#_128       
 1986	7	5	 0.955314	  0.2867	#_129       
 1987	7	5	 0.888828	  0.2748	#_130       
 1988	7	5	 0.949648	  0.1925	#_131       
 1989	7	5	  1.43324	  0.1934	#_132       
 1990	7	5	 0.956682	  0.1798	#_133       
 1991	7	5	  1.14511	  0.1783	#_134       
 1992	7	5	  1.16075	  0.1707	#_135       
 1993	7	5	   1.0343	  0.1765	#_136       
 1994	7	5	 0.944299	  0.1742	#_137       
 1995	7	5	 0.634582	  0.1863	#_138       
 1996	7	5	 0.760383	  0.1988	#_139       
 1997	7	5	 0.885098	  0.1964	#_140       
 1998	7	5	 0.700096	  0.2188	#_141       
 1999	7	5	 0.805969	  0.2329	#_142       
 2000	7	5	 0.854661	   0.222	#_143       
 2001	7	5	  1.17723	  0.2137	#_144       
 2002	7	5	 0.916432	  0.2118	#_145       
 2003	7	5	  1.01869	   0.209	#_146       
 2004	7	5	  1.20613	   0.204	#_147       
 2005	7	5	 0.858894	  0.2055	#_148       
 2006	7	5	 0.725023	   0.221	#_149       
 2007	7	5	 0.864436	  0.2315	#_150       
 2008	7	5	 0.929989	  0.2009	#_151       
 2009	7	5	  1.22117	   0.197	#_152       
 2010	7	5	  1.37474	   0.215	#_153       
 2011	7	5	  1.16952	  0.1938	#_154       
 2012	7	5	 0.778393	  0.1944	#_155       
 2013	7	5	  1.28984	  0.1787	#_156       
 2014	7	5	 0.994324	  0.1678	#_157       
 2015	7	5	 0.985172	  0.1667	#_158       
 2016	7	5	 0.926092	  0.1586	#_159       
 2017	7	5	 0.625461	  0.1488	#_160       
 1986	7	6	 0.780581	  0.2083	#_161       
 1987	7	6	 0.963285	  0.1987	#_162       
 1988	7	6	 0.627113	  0.2146	#_163       
 1989	7	6	   1.8069	  0.2046	#_164       
 1990	7	6	  0.99541	  0.1904	#_165       
 1991	7	6	   1.1967	  0.1948	#_166       
 1992	7	6	 0.748554	  0.1829	#_167       
 1993	7	6	 0.998902	   0.171	#_168       
 1994	7	6	  1.15939	  0.1669	#_169       
 1995	7	6	  1.09066	  0.1657	#_170       
 1996	7	6	  0.73705	  0.1722	#_171       
 1997	7	6	 0.639468	  0.1842	#_172       
 1998	7	6	 0.870946	  0.1768	#_173       
 1999	7	6	 0.747933	  0.2036	#_174       
 2000	7	6	   1.0408	  0.1975	#_175       
 2001	7	6	 0.713074	  0.1901	#_176       
 2002	7	6	 0.559868	  0.1787	#_177       
 2003	7	6	 0.742684	   0.177	#_178       
 2004	7	6	   1.1783	  0.1741	#_179       
 2005	7	6	 0.881846	  0.1719	#_180       
 2006	7	6	  0.93006	  0.1868	#_181       
 2007	7	6	 0.795535	  0.1805	#_182       
 2008	7	6	 0.698009	   0.285	#_183       
 2009	7	6	  1.17475	  0.2194	#_184       
 2010	7	6	 0.925794	  0.2089	#_185       
 2011	7	6	 0.711999	  0.2093	#_186       
 2012	7	6	 0.818758	  0.2191	#_187       
 2013	7	6	  1.07587	  0.2211	#_188       
 2014	7	6	  1.22735	  0.2486	#_189       
 2015	7	6	 0.774127	  0.2178	#_190       
 2016	7	6	  1.09326	  0.2273	#_191       
 2017	7	6	  0.97015	  0.2523	#_192       
 1986	7	7	  1.02181	0.229322	#_193       
 1987	7	7	 0.722094	 0.18555	#_194       
 1990	7	7	  1.16368	 0.25466	#_195       
 1991	7	7	 0.848382	0.220455	#_196       
 1993	7	7	  1.11359	0.215298	#_197       
 1994	7	7	 0.952097	0.188572	#_198       
 1995	7	7	  1.32219	0.203662	#_199       
 1996	7	7	 0.980331	 0.20671	#_200       
 1997	7	7	  1.10559	0.185845	#_201       
 1999	7	7	  1.03362	0.204291	#_202       
 2000	7	7	  1.06968	0.207054	#_203       
 2001	7	7	  0.91903	0.196769	#_204       
 2003	7	7	 0.856466	0.182395	#_205       
 2006	7	7	 0.812411	0.192207	#_206       
 2007	7	7	 0.878925	0.177098	#_207       
 2009	7	7	  1.01506	0.186419	#_208       
 2010	7	7	  1.03735	0.192591	#_209       
 2011	7	7	  1.17298	0.194557	#_210       
 2012	7	7	 0.869453	0.190458	#_211       
 2013	7	7	  1.34436	0.196107	#_212       
 2014	7	7	 0.881648	0.194256	#_213       
 2016	7	7	 0.835003	0.195724	#_214       
 1993	7	8	 0.876658	0.295683	#_215       
 1994	7	8	 0.859817	0.216693	#_216       
 1995	7	8	 0.783141	0.507363	#_217       
 1996	7	8	 0.870511	0.291294	#_218       
 1997	7	8	 0.821273	0.196541	#_219       
 2002	7	8	 0.832117	0.223033	#_220       
 2004	7	8	 0.815955	0.213692	#_221       
 2005	7	8	 0.801182	0.160119	#_222       
 2006	7	8	 0.622408	 0.32592	#_223       
 2007	7	8	  1.02294	0.156685	#_224       
 2008	7	8	   1.2677	0.209761	#_225       
 2009	7	8	 0.927394	0.173403	#_226       
 2010	7	8	  1.14889	0.157207	#_227       
 2011	7	8	  1.41256	0.111457	#_228       
 2012	7	8	  1.00514	0.133449	#_229       
 2013	7	8	  1.16047	0.141149	#_230       
 2014	7	8	  1.26309	 0.11175	#_231       
 2015	7	8	 0.885609	0.132806	#_232       
 2016	7	8	  1.05773	0.117429	#_233       
 2017	7	8	  1.08016	0.124566	#_234       
 2009	7	9	  1.43359	0.243001	#_235       
 2010	7	9	 0.908827	0.265449	#_236       
 2011	7	9	 0.716556	0.261243	#_237       
 2012	7	9	 0.799017	0.207352	#_238       
 2013	7	9	  1.26548	0.253906	#_239       
 2014	7	9	 0.824201	0.260064	#_240       
 2015	7	9	 0.740326	0.226881	#_241       
 2016	7	9	  1.20353	0.228247	#_242       
 2017	7	9	 0.665405	0.250359	#_243       
-9999	0	0	        0	       0	#_terminator
4 #_N_discard_fleets
#_discard_units (1=same_as_catchunits(bio/num); 2=fraction; 3=numbers)
#_discard_errtype:  >0 for DF of T-dist(read CV below); 0 for normal with CV; -1 for normal with se; -2 for lognormal
#
#_discard_fleet_info
#_Fleet	units	errtype
1	1	-2	#_CM_E   
2	1	-2	#_CM_W   
3	1	-2	#_REC    
4	1	-2	#_SMP_BYC
#
#_discard_data
#_Yr	Seas	Flt	Discard	Std_in
 1993	 7	 1	12.6749	0.3	#_1         
 1994	 7	 1	17.3647	0.3	#_2         
 1995	 7	 1	13.0702	0.3	#_3         
 1996	 7	 1	18.4524	0.3	#_4         
 1997	 7	 1	11.6643	0.3	#_5         
 1998	 7	 1	8.99123	0.3	#_6         
 1999	 7	 1	10.4341	0.3	#_7         
 2000	 7	 1	5.67205	0.3	#_8         
 2001	 7	 1	7.03441	0.3	#_9         
 2002	 7	 1	 7.2666	0.3	#_10        
 2003	 7	 1	16.4325	0.3	#_11        
 2004	 7	 1	7.81033	0.3	#_12        
 2005	 7	 1	147.125	0.3	#_13        
 2006	 7	 1	269.443	0.3	#_14        
 2007	 7	 1	430.758	0.3	#_15        
 2008	 7	 1	 73.554	0.3	#_16        
 2009	 7	 1	109.804	0.3	#_17        
 2010	 7	 1	33.3947	0.3	#_18        
 2011	 7	 1	174.733	0.3	#_19        
 2012	 7	 1	102.854	0.3	#_20        
 2013	 7	 1	33.9435	0.3	#_21        
 2014	 7	 1	66.8259	0.3	#_22        
 2015	 7	 1	39.3498	0.3	#_23        
 2016	 7	 1	67.2047	0.3	#_24        
 2017	 7	 1	 29.921	0.3	#_25        
 1993	 7	 2	6.92732	0.3	#_26        
 1994	 7	 2	9.34887	0.3	#_27        
 1995	 7	 2	2.77199	0.3	#_28        
 1996	 7	 2	6.24057	0.3	#_29        
 1997	 7	 2	6.82732	0.3	#_30        
 1998	 7	 2	5.04394	0.3	#_31        
 1999	 7	 2	7.16541	0.3	#_32        
 2000	 7	 2	3.58355	0.3	#_33        
 2001	 7	 2	8.06584	0.3	#_34        
 2002	 7	 2	12.3088	0.3	#_35        
 2003	 7	 2	7.24002	0.3	#_36        
 2004	 7	 2	9.53756	0.3	#_37        
 2005	 7	 2	 98.908	0.3	#_38        
 2006	 7	 2	115.669	0.3	#_39        
 2007	 7	 2	118.973	0.3	#_40        
 2008	 7	 2	34.0148	0.3	#_41        
 2009	 7	 2	42.5491	0.3	#_42        
 2010	 7	 2	37.8652	0.3	#_43        
 2011	 7	 2	21.4859	0.3	#_44        
 2012	 7	 2	61.0721	0.3	#_45        
 2013	 7	 2	10.6756	0.3	#_46        
 2014	 7	 2	21.3629	0.3	#_47        
 2015	 7	 2	16.4029	0.3	#_48        
 2016	 7	 2	21.7098	0.3	#_49        
 2017	 7	 2	23.3227	0.3	#_50        
 1982	 7	 3	5.91297	0.3	#_51        
 1983	 7	 3	1.46537	0.3	#_52        
 1984	 7	 3	2.97789	0.3	#_53        
 1985	 7	 3	5.45542	0.3	#_54        
 1986	 7	 3	6.72578	0.3	#_55        
 1987	 7	 3	6.64489	0.3	#_56        
 1988	 7	 3	17.9519	0.3	#_57        
 1989	 7	 3	12.8955	0.3	#_58        
 1990	 7	 3	295.796	0.3	#_59        
 1991	 7	 3	268.101	0.3	#_60        
 1992	 7	 3	569.127	0.3	#_61        
 1993	 7	 3	 167.64	0.3	#_62        
 1994	 7	 3	254.029	0.3	#_63        
 1995	 7	 3	350.226	0.3	#_64        
 1996	 7	 3	95.0697	0.3	#_65        
 1997	 7	 3	545.408	0.3	#_66        
 1998	 7	 3	358.937	0.3	#_67        
 1999	 7	 3	434.639	0.3	#_68        
 2000	 7	 3	240.742	0.3	#_69        
 2001	 7	 3	842.376	0.3	#_70        
 2002	 7	 3	643.135	0.3	#_71        
 2003	 7	 3	570.408	0.3	#_72        
 2004	 7	 3	580.624	0.3	#_73        
 2005	 7	 3	940.218	0.3	#_74        
 2006	 7	 3	1148.44	0.3	#_75        
 2007	 7	 3	1618.15	0.3	#_76        
 2008	 7	 3	405.019	0.3	#_77        
 2009	 7	 3	684.289	0.3	#_78        
 2010	 7	 3	375.727	0.3	#_79        
 2011	 7	 3	1350.11	0.3	#_80        
 2012	 7	 3	482.995	0.3	#_81        
 2013	 7	 3	1162.65	0.3	#_82        
 2014	 7	 3	1170.85	0.3	#_83        
 2015	 7	 3	1007.71	0.3	#_84        
 2016	 7	 3	495.596	0.3	#_85        
 2017	 7	 3	1361.06	0.3	#_86        
 1972	-7	 4	235.131	0.1	#_87        
 1973	 7	-4	217.887	0.5	#_88        
 1974	 7	-4	217.887	0.5	#_89        
 1975	 7	-4	217.887	0.5	#_90        
 1976	 7	-4	217.887	0.5	#_91        
 1977	 7	-4	217.887	0.5	#_92        
 1978	 7	-4	217.887	0.5	#_93        
 1979	 7	-4	217.887	0.5	#_94        
 1980	 7	-4	217.887	0.5	#_95        
 1981	 7	-4	217.887	0.5	#_96        
 1982	 7	-4	217.887	0.5	#_97        
 1983	 7	-4	217.887	0.5	#_98        
 1984	 7	-4	217.887	0.5	#_99        
 1985	 7	-4	217.887	0.5	#_100       
 1986	 7	-4	217.887	0.5	#_101       
 1987	 7	-4	217.887	0.5	#_102       
 1988	 7	-4	217.887	0.5	#_103       
 1989	 7	-4	217.887	0.5	#_104       
 1990	 7	-4	217.887	0.5	#_105       
 1991	 7	-4	217.887	0.5	#_106       
 1992	 7	-4	217.887	0.5	#_107       
 1993	 7	-4	217.887	0.5	#_108       
 1994	 7	-4	217.887	0.5	#_109       
 1995	 7	-4	217.887	0.5	#_110       
 1996	 7	-4	217.887	0.5	#_111       
 1997	 7	-4	217.887	0.5	#_112       
 1998	 7	-4	217.887	0.5	#_113       
 1999	 7	-4	217.887	0.5	#_114       
 2000	 7	-4	217.887	0.5	#_115       
 2001	 7	-4	217.887	0.5	#_116       
 2002	 7	-4	217.887	0.5	#_117       
 2003	 7	-4	217.887	0.5	#_118       
 2004	 7	-4	217.887	0.5	#_119       
 2005	 7	-4	217.887	0.5	#_120       
 2006	 7	-4	217.887	0.5	#_121       
 2007	 7	-4	217.887	0.5	#_122       
 2008	 7	-4	217.887	0.5	#_123       
 2009	 7	-4	217.887	0.5	#_124       
 2010	 7	-4	217.887	0.5	#_125       
 2011	 7	-4	217.887	0.5	#_126       
 2012	 7	-4	217.887	0.5	#_127       
 2013	 7	-4	217.887	0.5	#_128       
 2014	 7	-4	217.887	0.5	#_129       
 2015	 7	-4	217.887	0.5	#_130       
 2016	 7	-4	217.887	0.5	#_131       
 2017	-7	-4	217.887	0.5	#_132       
-9999	 0	 0	      0	  0	#_terminator
#
#_meanbodywt
0 #_use_meanbodywt
 #_DF_for_meanbodywt_T-distribution_like
#
#_population_length_bins
1 # length bin method: 1=use databins; 2=generate from binwidth,min,max below; 3=read vector
1 #_use_lencomp
#
#_len_info
#_mintailcomp	addtocomp	combine_M_F	CompressBins	CompError	ParmSelect	minsamplesize
1e-04	1e-07	0	0	0	0	1	#_CM_E   
1e-04	1e-07	0	0	0	0	1	#_CM_W   
1e-04	1e-07	0	0	0	0	1	#_REC    
1e-04	1e-07	0	0	0	0	1	#_SMP_BYC
1e-04	1e-07	0	0	0	0	1	#_HB_E   
1e-04	1e-07	0	0	0	0	1	#_HB_W   
1e-04	1e-07	0	0	0	0	1	#_LARVAL 
1e-04	1e-07	0	0	0	0	1	#_VIDEO  
1e-04	1e-07	0	0	0	0	1	#_SEAMAP 
12 #_N_lbins
#_lbin_vector
1 5 10 15 20 25 30 35 40 45 50 55 #_lbin_vector
#
#_lencomp
#_Yr	Seas	FltSvy	Gender	Part	Nsamp	l1	l5	l10	l15	l20	l25	l30	l35	l40	l45	l50	l55
 2002	7	8	0	0	 17	0	0	 2	 2	 7	 1	 4	1	0	0	0	0	#_1         
 2004	7	8	0	0	  6	0	0	 0	 1	 1	 0	 3	0	1	0	0	0	#_2         
 2005	7	8	0	0	 38	0	0	 1	 6	10	11	 7	2	0	1	0	0	#_3         
 2006	7	8	0	0	 18	0	0	 3	 2	 7	 2	 2	2	0	0	0	0	#_4         
 2007	7	8	0	0	 11	0	0	 1	 1	 4	 4	 0	1	0	0	0	0	#_5         
 2008	7	8	0	0	  8	0	0	 0	 2	 1	 4	 1	0	0	0	0	0	#_6         
 2009	7	8	0	0	 25	0	0	 0	 6	10	 7	 1	0	1	0	0	0	#_7         
 2010	7	8	0	0	 32	0	0	 4	 7	 6	10	 0	4	1	0	0	0	#_8         
 2011	7	8	0	0	 47	0	2	 5	 9	11	12	 6	1	1	0	0	0	#_9         
 2012	7	8	0	0	 39	0	0	 5	11	 8	 8	 4	1	2	0	0	0	#_10        
 2013	7	8	0	0	100	0	0	 6	15	33	23	10	8	5	0	0	0	#_11        
 2014	7	8	0	0	100	0	0	 6	16	27	28	14	5	4	0	0	0	#_12        
 2015	7	8	0	0	 74	0	1	 1	 6	14	24	14	9	2	1	2	0	#_13        
 2016	7	8	0	0	 32	0	1	 1	 6	 7	 7	 5	2	3	0	0	0	#_14        
 2017	7	8	0	0	100	0	0	 4	16	26	25	16	5	6	2	0	0	#_15        
 2009	7	9	0	0	 35	0	0	 8	18	 8	 1	 0	0	0	0	0	0	#_16        
 2010	7	9	0	0	100	0	2	24	41	29	 4	 0	0	0	0	0	0	#_17        
 2011	7	9	0	0	 17	0	0	 8	 3	 6	 0	 0	0	0	0	0	0	#_18        
 2012	7	9	0	0	 11	0	2	 2	 4	 2	 1	 0	0	0	0	0	0	#_19        
 2013	7	9	0	0	 37	0	0	 8	13	16	 0	 0	0	0	0	0	0	#_20        
 2014	7	9	0	0	 69	0	2	10	27	26	 4	 0	0	0	0	0	0	#_21        
 2015	7	9	0	0	 37	0	2	 5	18	10	 2	 0	0	0	0	0	0	#_22        
 2016	7	9	0	0	 38	0	0	 7	18	13	 0	 0	0	0	0	0	0	#_23        
 2017	7	9	0	0	100	0	9	21	39	29	 2	 0	0	0	0	0	0	#_24        
-9999	0	0	0	0	  0	0	0	 0	 0	 0	 0	 0	0	0	0	0	0	#_terminator
14 #_N_agebins
#
#_agebin_vector
1 2 3 4 5 6 7 8 9 10 11 12 13 14 #_agebin_vector
#
#_ageing_error
1 #_N_ageerror_definitions
#_age0	age1	age2	age3	age4	age5	age6	age7	age8	age9	age10	age11	age12	age13	age14
  0.5	  1.5	  2.5	  3.5	  4.5	  5.5	  6.5	  7.5	  8.5	  9.5	 10.5	 11.5	 12.5	 13.5	 14.5	#_1
0.001	0.001	0.001	0.001	0.001	0.001	0.001	0.001	0.001	0.001	0.001	0.001	0.001	0.001	0.001	#_2
#
#_age_info
#_mintailcomp	addtocomp	combine_M_F	CompressBins	CompError	ParmSelect	minsamplesize
1e-04	1e-07	0	0	0	0	1	#_CM_E   
1e-04	1e-07	0	0	0	0	1	#_CM_W   
1e-04	1e-07	0	0	0	0	1	#_REC    
1e-04	1e-07	0	0	0	0	1	#_SMP_BYC
1e-04	1e-07	0	0	0	0	1	#_HB_E   
1e-04	1e-07	0	0	0	0	1	#_HB_W   
1e-04	1e-07	0	0	0	0	1	#_LARVAL 
1e-04	1e-07	0	0	0	0	1	#_VIDEO  
1e-04	1e-07	0	0	0	0	1	#_SEAMAP 
2 #_Lbin_method: 1=poplenbins; 2=datalenbins; 3=lengths
 #_combine males into females at or below this bin number
#_Yr	Seas	FltSvy	Gender	Part	Ageerr	Lbin_lo	Lbin_hi	Nsamp	a1	a2	a3	a4	a5	a6	a7	a8	a9	a10	a11	a12	a13	a14
 1995	7	1	0	2	1	-1	-1	  3	0	 0	 0	 0	 1	 1	 1	 0	 0	0	0	0	0	0	#_1         
 1998	7	1	0	2	1	-1	-1	  6	0	 1	 1	 0	 2	 1	 0	 0	 1	0	0	0	0	0	#_2         
 2000	7	1	0	2	1	-1	-1	  8	0	 2	 0	 3	 0	 0	 0	 0	 0	0	1	1	0	1	#_3         
 2001	7	1	0	2	1	-1	-1	 23	0	 4	 4	 1	 5	 1	 1	 3	 1	0	0	1	1	1	#_4         
 2002	7	1	0	2	1	-1	-1	100	0	 9	19	25	 4	12	 6	 4	 5	6	3	3	0	4	#_5         
 2003	7	1	0	2	1	-1	-1	 23	0	 0	 3	 7	 6	 1	 1	 0	 2	0	2	1	0	0	#_6         
 2004	7	1	0	2	1	-1	-1	 33	0	 2	 9	 3	 5	 2	 1	 4	 1	1	1	1	2	1	#_7         
 2005	7	1	0	2	1	-1	-1	100	0	 2	 5	24	18	 6	 9	 8	11	5	3	2	1	6	#_8         
 2006	7	1	0	2	1	-1	-1	 59	0	 0	 3	 6	13	10	 5	10	 1	6	1	2	0	2	#_9         
 2007	7	1	0	2	1	-1	-1	 54	0	 0	 9	 5	 4	 8	 6	 3	 5	2	4	2	0	6	#_10        
 2008	7	1	0	2	1	-1	-1	100	0	 8	14	22	 6	 3	10	11	 0	5	4	7	1	9	#_11        
 2009	7	1	0	2	1	-1	-1	100	0	11	23	12	16	 8	 4	 9	 2	2	5	0	3	5	#_12        
 2010	7	1	0	2	1	-1	-1	 32	0	 1	11	 6	 2	 3	 2	 2	 3	1	0	0	1	0	#_13        
 2011	7	1	0	2	1	-1	-1	 87	0	 7	15	15	17	 9	 4	 6	 3	5	0	2	3	1	#_14        
 2012	7	1	0	2	1	-1	-1	 99	0	 5	21	14	18	13	 6	 9	 2	1	3	3	1	3	#_15        
 2013	7	1	0	2	1	-1	-1	 55	0	 7	14	 8	 6	 7	 6	 1	 0	4	0	1	0	1	#_16        
 2014	7	1	0	2	1	-1	-1	 79	0	 3	18	10	11	 5	 7	 8	 3	3	2	2	1	6	#_17        
 2015	7	1	0	2	1	-1	-1	100	0	 4	11	22	14	13	 8	 9	 2	6	4	1	0	6	#_18        
 2016	7	1	0	2	1	-1	-1	100	0	 3	15	22	19	10	 5	 6	 6	4	1	5	0	4	#_19        
 2017	7	1	0	2	1	-1	-1	100	0	 4	11	13	22	15	 8	 7	 7	3	3	0	2	5	#_20        
 1994	7	2	0	2	1	-1	-1	  8	0	 0	 3	 1	 0	 0	 0	 0	 1	1	0	0	1	1	#_21        
 1995	7	2	0	2	1	-1	-1	  7	0	 1	 0	 1	 2	 3	 0	 0	 0	0	0	0	0	0	#_22        
 2000	7	2	0	2	1	-1	-1	 64	0	 0	 4	 9	10	 8	 7	 7	 2	2	3	5	2	5	#_23        
 2001	7	2	0	2	1	-1	-1	 48	0	 1	 7	 7	11	 6	 1	 3	 5	2	2	0	2	1	#_24        
 2002	7	2	0	2	1	-1	-1	 34	0	 0	 1	 3	 3	 6	 5	 2	 2	2	4	0	1	5	#_25        
 2003	7	2	0	2	1	-1	-1	 30	0	 2	 3	 5	 2	 2	 4	 3	 1	1	1	3	0	3	#_26        
 2004	7	2	0	2	1	-1	-1	100	0	 4	 8	11	18	17	 7	10	 3	3	1	6	3	9	#_27        
 2005	7	2	0	2	1	-1	-1	 21	0	 0	 0	 4	 6	 0	 1	 1	 3	1	1	1	1	2	#_28        
 2006	7	2	0	2	1	-1	-1	 16	0	 0	 0	 1	 3	 1	 2	 2	 2	0	2	0	0	3	#_29        
 2007	7	2	0	2	1	-1	-1	100	0	 1	 4	12	 5	14	 9	10	16	8	5	6	2	8	#_30        
 2008	7	2	0	2	1	-1	-1	100	0	 2	 6	16	 9	13	18	11	 4	4	2	7	3	5	#_31        
 2009	7	2	0	2	1	-1	-1	100	0	 2	15	11	14	 6	12	13	 7	5	4	1	4	6	#_32        
 2010	7	2	0	2	1	-1	-1	 59	1	 0	 5	11	 8	12	 5	 2	 6	3	0	1	0	5	#_33        
 2011	7	2	0	2	1	-1	-1	100	0	 2	 2	13	26	19	11	 5	 5	3	1	4	2	7	#_34        
 2012	7	2	0	2	1	-1	-1	 89	0	 3	 7	 9	21	17	 6	 6	 4	3	8	1	0	4	#_35        
 2013	7	2	0	2	1	-1	-1	 48	0	 2	 4	 7	 5	12	 8	 2	 6	1	0	0	1	0	#_36        
 2014	7	2	0	2	1	-1	-1	 47	0	 1	 6	11	 9	 6	 2	 3	 2	2	0	0	1	4	#_37        
 2015	7	2	0	2	1	-1	-1	 23	0	 1	 0	 8	 2	 2	 0	 0	 2	3	2	0	0	3	#_38        
 2016	7	2	0	2	1	-1	-1	 82	0	 2	 3	 6	26	 8	12	 3	11	6	2	1	0	2	#_39        
 2017	7	2	0	2	1	-1	-1	 89	0	 2	 4	 3	13	23	14	 6	 7	4	5	1	1	6	#_40        
 1994	7	3	0	2	1	-1	-1	 13	0	 0	 5	 4	 2	 2	 0	 0	 0	0	0	0	0	0	#_41        
 1995	7	3	0	2	1	-1	-1	  6	0	 0	 2	 1	 0	 1	 2	 0	 0	0	0	0	0	0	#_42        
 1996	7	3	0	2	1	-1	-1	 77	0	 5	24	14	18	 8	 3	 4	 0	1	0	0	0	0	#_43        
 1997	7	3	0	2	1	-1	-1	 15	0	 3	 3	 6	 0	 1	 1	 1	 0	0	0	0	0	0	#_44        
 1998	7	3	0	2	1	-1	-1	 13	0	 3	 2	 1	 3	 1	 2	 1	 0	0	0	0	0	0	#_45        
 1999	7	3	0	2	1	-1	-1	 25	0	 0	 6	 5	 2	 2	 2	 3	 3	1	0	0	1	0	#_46        
 2000	7	3	0	2	1	-1	-1	 61	0	 5	11	18	 9	 6	 7	 0	 1	0	2	1	0	1	#_47        
 2001	7	3	0	2	1	-1	-1	  7	0	 1	 2	 1	 1	 1	 1	 0	 0	0	0	0	0	0	#_48        
 2002	7	3	0	2	1	-1	-1	 15	0	 2	 1	 1	 3	 7	 1	 0	 0	0	0	0	0	0	#_49        
 2003	7	3	0	2	1	-1	-1	 19	0	 3	 2	 6	 2	 2	 3	 0	 0	1	0	0	0	0	#_50        
 2004	7	3	0	2	1	-1	-1	  4	0	 0	 1	 0	 2	 0	 0	 0	 0	0	1	0	0	0	#_51        
 2005	7	3	0	2	1	-1	-1	 54	0	 4	 8	15	 8	 7	 8	 1	 2	0	1	0	0	0	#_52        
 2006	7	3	0	2	1	-1	-1	 93	0	 1	10	11	25	15	13	 6	 4	8	0	0	0	0	#_53        
 2007	7	3	0	2	1	-1	-1	100	0	 1	19	15	22	27	 7	 0	 4	0	1	2	0	2	#_54        
 2008	7	3	0	2	1	-1	-1	 42	0	 1	 8	10	 5	 5	 6	 2	 1	2	0	1	0	1	#_55        
 2009	7	3	0	2	1	-1	-1	100	1	15	30	12	20	 5	 7	 3	 2	1	2	1	1	0	#_56        
 2010	7	3	0	2	1	-1	-1	 20	0	 1	 5	 3	 3	 3	 3	 0	 1	0	0	0	0	1	#_57        
 2011	7	3	0	2	1	-1	-1	 78	0	 8	 9	29	15	 6	 7	 0	 1	1	1	1	0	0	#_58        
 2012	7	3	0	2	1	-1	-1	100	1	 5	22	20	22	15	 6	 6	 0	1	1	0	0	1	#_59        
 2013	7	3	0	2	1	-1	-1	100	0	13	26	22	18	11	 6	 2	 0	0	1	0	1	0	#_60        
 2014	7	3	0	2	1	-1	-1	100	0	10	33	20	18	 3	10	 5	 0	0	1	0	0	0	#_61        
 2015	7	3	0	2	1	-1	-1	 46	1	 2	 9	12	10	 5	 2	 4	 0	0	1	0	0	0	#_62        
 2016	7	3	0	2	1	-1	-1	100	0	 6	15	23	20	14	14	 4	 1	1	0	0	0	2	#_63        
 2017	7	3	0	2	1	-1	-1	100	0	 7	15	23	19	13	 8	 6	 3	1	2	0	1	2	#_64        
-9999	0	0	0	0	0	 0	 0	  0	0	 0	 0	 0	 0	 0	 0	 0	 0	0	0	0	0	0	#_terminator
#
#_MeanSize_at_Age_obs
0 #_use_MeanSize_at_Age_obs
0 #_N_environ_variables
0 #_N_sizefreq_methods
0 #_do_tags
0 #_morphcomp_data
0 #_use_selectivity_priors
#
999
