#V3.30
#C data file created using the SS_writedat function in the R package r4ss
#C should work with SS version:
#C file write time: 2020-01-23 16:14:32
#
1950 #_styr
2017 #_endyr
1 #_nseas
12 #_months_per_seas
2 #_Nsubseasons
1 #_spawn_month
1 #_Nsexes
14 #_Nages
1 #_N_areas
9 #_Nfleets
#_fleetinfo
#_type	surveytiming	area	units	need_catch_mult	fleetname
1	-1	1	1	0	CM_E   	#_1
1	-1	1	1	0	CM_W   	#_2
1	-1	1	2	0	REC    	#_3
2	-1	1	2	0	SMP_BYC	#_4
3	 1	1	1	0	HB_E   	#_5
3	 1	1	1	0	HB_W   	#_6
3	 1	1	1	0	LARVAL 	#_7
3	 1	1	1	0	VIDEO  	#_8
3	 1	1	1	0	SEAMAP 	#_9
#Bycatch_fleet_input
#_fleetindex	includeinMSY	Fmult	F_or_first_year	F_or_last_year	unused
4	1	3	2011	2014	999	#_4
#_Catch data
#_year	season	fleet	catch	catch_se
 -999	1	1	      0	0.01	#_1         
 1950	1	1	1431.58	0.05	#_2         
 1951	1	1	1203.56	0.05	#_3         
 1952	1	1	1153.22	0.05	#_4         
 1953	1	1	1037.19	0.05	#_5         
 1954	1	1	891.314	0.05	#_6         
 1955	1	1	887.817	0.05	#_7         
 1956	1	1	903.393	0.05	#_8         
 1957	1	1	 842.36	0.05	#_9         
 1958	1	1	816.668	0.05	#_10        
 1959	1	1	788.465	0.05	#_11        
 1960	1	1	762.751	0.05	#_12        
 1961	1	1	721.214	0.05	#_13        
 1962	1	1	804.275	0.05	#_14        
 1963	1	1	709.757	0.05	#_15        
 1964	1	1	835.602	0.05	#_16        
 1965	1	1	 770.04	0.05	#_17        
 1966	1	1	717.774	0.05	#_18        
 1967	1	1	681.903	0.05	#_19        
 1968	1	1	718.101	0.05	#_20        
 1969	1	1	701.755	0.05	#_21        
 1970	1	1	 685.75	0.05	#_22        
 1971	1	1	 706.37	0.05	#_23        
 1972	1	1	701.583	0.05	#_24        
 1973	1	1	676.702	0.05	#_25        
 1974	1	1	702.836	0.05	#_26        
 1975	1	1	714.234	0.05	#_27        
 1976	1	1	694.111	0.05	#_28        
 1977	1	1	739.137	0.05	#_29        
 1978	1	1	770.337	0.05	#_30        
 1979	1	1	 789.68	0.05	#_31        
 1980	1	1	678.868	0.05	#_32        
 1981	1	1	735.207	0.05	#_33        
 1982	1	1	674.128	0.05	#_34        
 1983	1	1	702.679	0.05	#_35        
 1984	1	1	706.003	0.05	#_36        
 1985	1	1	751.686	0.05	#_37        
 1986	1	1	701.537	0.05	#_38        
 1987	1	1	686.863	0.05	#_39        
 1988	1	1	 763.16	0.05	#_40        
 1989	1	1	 736.23	0.05	#_41        
 1990	1	1	677.583	0.05	#_42        
 1991	1	1	709.286	0.05	#_43        
 1992	1	1	678.591	0.05	#_44        
 1993	1	1	730.331	0.05	#_45        
 1994	1	1	765.216	0.05	#_46        
 1995	1	1	676.039	0.05	#_47        
 1996	1	1	778.954	0.05	#_48        
 1997	1	1	696.746	0.05	#_49        
 1998	1	1	697.465	0.05	#_50        
 1999	1	1	591.195	0.05	#_51        
 2000	1	1	656.531	0.05	#_52        
 2001	1	1	671.099	0.05	#_53        
 2002	1	1	723.762	0.05	#_54        
 2003	1	1	725.852	0.05	#_55        
 2004	1	1	702.291	0.05	#_56        
 2005	1	1	522.166	0.05	#_57        
 2006	1	1	572.775	0.05	#_58        
 2007	1	1	605.767	0.05	#_59        
 2008	1	1	747.152	0.05	#_60        
 2009	1	1	805.194	0.05	#_61        
 2010	1	1	776.364	0.05	#_62        
 2011	1	1	763.281	0.05	#_63        
 2012	1	1	728.184	0.05	#_64        
 2013	1	1	 749.12	0.05	#_65        
 2014	1	1	735.295	0.05	#_66        
 2015	1	1	715.574	0.05	#_67        
 2016	1	1	887.509	0.05	#_68        
 2017	1	1	884.952	0.05	#_69        
 -999	1	2	      0	0.01	#_70        
 1950	1	2	1065.87	0.05	#_71        
 1951	1	2	1048.47	0.05	#_72        
 1952	1	2	926.927	0.05	#_73        
 1953	1	2	848.151	0.05	#_74        
 1954	1	2	799.037	0.05	#_75        
 1955	1	2	  679.8	0.05	#_76        
 1956	1	2	681.187	0.05	#_77        
 1957	1	2	734.668	0.05	#_78        
 1958	1	2	547.666	0.05	#_79        
 1959	1	2	613.194	0.05	#_80        
 1960	1	2	563.293	0.05	#_81        
 1961	1	2	532.231	0.05	#_82        
 1962	1	2	579.412	0.05	#_83        
 1963	1	2	556.658	0.05	#_84        
 1964	1	2	504.543	0.05	#_85        
 1965	1	2	484.617	0.05	#_86        
 1966	1	2	487.361	0.05	#_87        
 1967	1	2	515.773	0.05	#_88        
 1968	1	2	519.265	0.05	#_89        
 1969	1	2	 534.43	0.05	#_90        
 1970	1	2	502.303	0.05	#_91        
 1971	1	2	478.917	0.05	#_92        
 1972	1	2	496.431	0.05	#_93        
 1973	1	2	538.247	0.05	#_94        
 1974	1	2	526.012	0.05	#_95        
 1975	1	2	 546.46	0.05	#_96        
 1976	1	2	520.433	0.05	#_97        
 1977	1	2	522.085	0.05	#_98        
 1978	1	2	477.343	0.05	#_99        
 1979	1	2	498.478	0.05	#_100       
 1980	1	2	531.541	0.05	#_101       
 1981	1	2	556.445	0.05	#_102       
 1982	1	2	 514.52	0.05	#_103       
 1983	1	2	521.742	0.05	#_104       
 1984	1	2	 518.26	0.05	#_105       
 1985	1	2	553.307	0.05	#_106       
 1986	1	2	509.838	0.05	#_107       
 1987	1	2	534.405	0.05	#_108       
 1988	1	2	482.448	0.05	#_109       
 1989	1	2	545.766	0.05	#_110       
 1990	1	2	527.074	0.05	#_111       
 1991	1	2	545.777	0.05	#_112       
 1992	1	2	489.256	0.05	#_113       
 1993	1	2	504.928	0.05	#_114       
 1994	1	2	529.314	0.05	#_115       
 1995	1	2	518.061	0.05	#_116       
 1996	1	2	477.243	0.05	#_117       
 1997	1	2	512.313	0.05	#_118       
 1998	1	2	493.409	0.05	#_119       
 1999	1	2	523.535	0.05	#_120       
 2000	1	2	438.496	0.05	#_121       
 2001	1	2	435.606	0.05	#_122       
 2002	1	2	496.261	0.05	#_123       
 2003	1	2	532.497	0.05	#_124       
 2004	1	2	528.278	0.05	#_125       
 2005	1	2	396.149	0.05	#_126       
 2006	1	2	477.891	0.05	#_127       
 2007	1	2	495.542	0.05	#_128       
 2008	1	2	606.065	0.05	#_129       
 2009	1	2	578.116	0.05	#_130       
 2010	1	2	618.229	0.05	#_131       
 2011	1	2	557.652	0.05	#_132       
 2012	1	2	619.773	0.05	#_133       
 2013	1	2	619.163	0.05	#_134       
 2014	1	2	567.292	0.05	#_135       
 2015	1	2	580.511	0.05	#_136       
 2016	1	2	567.518	0.05	#_137       
 2017	1	2	662.392	0.05	#_138       
 -999	1	3	      0	0.01	#_139       
 1950	1	3	1890.24	0.15	#_140       
 1951	1	3	2002.05	0.15	#_141       
 1952	1	3	1464.77	0.15	#_142       
 1953	1	3	1366.34	0.15	#_143       
 1954	1	3	1735.49	0.15	#_144       
 1955	1	3	 1211.1	0.15	#_145       
 1956	1	3	1372.75	0.15	#_146       
 1957	1	3	 1421.2	0.15	#_147       
 1958	1	3	1439.61	0.15	#_148       
 1959	1	3	1502.76	0.15	#_149       
 1960	1	3	1260.62	0.15	#_150       
 1961	1	3	1738.49	0.15	#_151       
 1962	1	3	1343.48	0.15	#_152       
 1963	1	3	1204.74	0.15	#_153       
 1964	1	3	1759.76	0.15	#_154       
 1965	1	3	1278.93	0.15	#_155       
 1966	1	3	1229.23	0.15	#_156       
 1967	1	3	 1460.7	0.15	#_157       
 1968	1	3	1697.79	0.15	#_158       
 1969	1	3	 1376.9	0.15	#_159       
 1970	1	3	1330.76	0.15	#_160       
 1971	1	3	1521.85	0.15	#_161       
 1972	1	3	1365.52	0.15	#_162       
 1973	1	3	1273.47	0.15	#_163       
 1974	1	3	1251.96	0.15	#_164       
 1975	1	3	1366.91	0.15	#_165       
 1976	1	3	1276.62	0.15	#_166       
 1977	1	3	1512.56	0.15	#_167       
 1978	1	3	1195.62	0.15	#_168       
 1979	1	3	 1254.5	0.15	#_169       
 1980	1	3	1546.77	0.15	#_170       
 1981	1	3	1499.79	0.15	#_171       
 1982	1	3	1307.96	0.15	#_172       
 1983	1	3	1390.94	0.15	#_173       
 1984	1	3	1680.34	0.15	#_174       
 1985	1	3	1297.67	0.15	#_175       
 1986	1	3	1128.62	0.15	#_176       
 1987	1	3	1398.44	0.15	#_177       
 1988	1	3	1326.03	0.15	#_178       
 1989	1	3	1309.69	0.15	#_179       
 1990	1	3	1319.05	0.15	#_180       
 1991	1	3	919.023	0.15	#_181       
 1992	1	3	1060.18	0.15	#_182       
 1993	1	3	1010.59	0.15	#_183       
 1994	1	3	1152.66	0.15	#_184       
 1995	1	3	1561.77	0.15	#_185       
 1996	1	3	1226.82	0.15	#_186       
 1997	1	3	863.032	0.15	#_187       
 1998	1	3	 565.35	0.15	#_188       
 1999	1	3	688.317	0.15	#_189       
 2000	1	3	652.395	0.15	#_190       
 2001	1	3	804.111	0.15	#_191       
 2002	1	3	655.817	0.15	#_192       
 2003	1	3	759.848	0.15	#_193       
 2004	1	3	717.363	0.15	#_194       
 2005	1	3	454.809	0.15	#_195       
 2006	1	3	515.773	0.15	#_196       
 2007	1	3	681.375	0.15	#_197       
 2008	1	3	1069.23	0.15	#_198       
 2009	1	3	1241.25	0.15	#_199       
 2010	1	3	1064.46	0.15	#_200       
 2011	1	3	1032.81	0.15	#_201       
 2012	1	3	981.135	0.15	#_202       
 2013	1	3	924.644	0.15	#_203       
 2014	1	3	1007.77	0.15	#_204       
 2015	1	3	1344.66	0.15	#_205       
 2016	1	3	1097.68	0.15	#_206       
 2017	1	3	1310.68	0.15	#_207       
 -999	1	4	      0	0.01	#_208       
 1950	1	4	    0.1	 0.1	#_209       
 1951	1	4	    0.1	 0.1	#_210       
 1952	1	4	    0.1	 0.1	#_211       
 1953	1	4	    0.1	 0.1	#_212       
 1954	1	4	    0.1	 0.1	#_213       
 1955	1	4	    0.1	 0.1	#_214       
 1956	1	4	    0.1	 0.1	#_215       
 1957	1	4	    0.1	 0.1	#_216       
 1958	1	4	    0.1	 0.1	#_217       
 1959	1	4	    0.1	 0.1	#_218       
 1960	1	4	    0.1	 0.1	#_219       
 1961	1	4	    0.1	 0.1	#_220       
 1962	1	4	    0.1	 0.1	#_221       
 1963	1	4	    0.1	 0.1	#_222       
 1964	1	4	    0.1	 0.1	#_223       
 1965	1	4	    0.1	 0.1	#_224       
 1966	1	4	    0.1	 0.1	#_225       
 1967	1	4	    0.1	 0.1	#_226       
 1968	1	4	    0.1	 0.1	#_227       
 1969	1	4	    0.1	 0.1	#_228       
 1970	1	4	    0.1	 0.1	#_229       
 1971	1	4	    0.1	 0.1	#_230       
 1972	1	4	    0.1	 0.1	#_231       
 1973	1	4	    0.1	 0.1	#_232       
 1974	1	4	    0.1	 0.1	#_233       
 1975	1	4	    0.1	 0.1	#_234       
 1976	1	4	    0.1	 0.1	#_235       
 1977	1	4	    0.1	 0.1	#_236       
 1978	1	4	    0.1	 0.1	#_237       
 1979	1	4	    0.1	 0.1	#_238       
 1980	1	4	    0.1	 0.1	#_239       
 1981	1	4	    0.1	 0.1	#_240       
 1982	1	4	    0.1	 0.1	#_241       
 1983	1	4	    0.1	 0.1	#_242       
 1984	1	4	    0.1	 0.1	#_243       
 1985	1	4	    0.1	 0.1	#_244       
 1986	1	4	    0.1	 0.1	#_245       
 1987	1	4	    0.1	 0.1	#_246       
 1988	1	4	    0.1	 0.1	#_247       
 1989	1	4	    0.1	 0.1	#_248       
 1990	1	4	    0.1	 0.1	#_249       
 1991	1	4	    0.1	 0.1	#_250       
 1992	1	4	    0.1	 0.1	#_251       
 1993	1	4	    0.1	 0.1	#_252       
 1994	1	4	    0.1	 0.1	#_253       
 1995	1	4	    0.1	 0.1	#_254       
 1996	1	4	    0.1	 0.1	#_255       
 1997	1	4	    0.1	 0.1	#_256       
 1998	1	4	    0.1	 0.1	#_257       
 1999	1	4	    0.1	 0.1	#_258       
 2000	1	4	    0.1	 0.1	#_259       
 2001	1	4	    0.1	 0.1	#_260       
 2002	1	4	    0.1	 0.1	#_261       
 2003	1	4	    0.1	 0.1	#_262       
 2004	1	4	    0.1	 0.1	#_263       
 2005	1	4	    0.1	 0.1	#_264       
 2006	1	4	    0.1	 0.1	#_265       
 2007	1	4	    0.1	 0.1	#_266       
 2008	1	4	    0.1	 0.1	#_267       
 2009	1	4	    0.1	 0.1	#_268       
 2010	1	4	    0.1	 0.1	#_269       
 2011	1	4	    0.1	 0.1	#_270       
 2012	1	4	    0.1	 0.1	#_271       
 2013	1	4	    0.1	 0.1	#_272       
 2014	1	4	    0.1	 0.1	#_273       
 2015	1	4	    0.1	 0.1	#_274       
 2016	1	4	    0.1	 0.1	#_275       
 2017	1	4	    0.1	 0.1	#_276       
-9999	0	0	      0	   0	#_terminator
#_CPUE_and_surveyabundance_observations
#_Units:  0=numbers; 1=biomass; 2=F; >=30 for special types
#_Errtype:  -1=normal; 0=lognormal; >0=T
#_SD_Report: 0=no sdreport; 1=enable sdreport
#_Fleet	Units	Errtype	SD_Report
1	 1	0	0	#_CM_E   
2	 1	0	0	#_CM_W   
3	 0	0	0	#_REC    
4	 2	0	0	#_SMP_BYC
5	 0	0	0	#_HB_E   
6	 0	0	0	#_HB_W   
7	30	0	0	#_LARVAL 
8	 0	0	0	#_VIDEO  
9	 0	0	0	#_SEAMAP 
#
#_CPUE_data
#_year	seas	index	obs	se_log
 1993	7	1	0.869542	   0.224	#_1         
 1994	7	1	0.861884	  0.1921	#_2         
 1995	7	1	 1.39716	  0.2148	#_3         
 1996	7	1	0.912004	  0.1909	#_4         
 1997	7	1	0.983891	  0.2007	#_5         
 1998	7	1	0.797917	  0.2021	#_6         
 1999	7	1	 1.35106	  0.1857	#_7         
 2000	7	1	0.978905	   0.217	#_8         
 2001	7	1	0.587836	  0.2045	#_9         
 2002	7	1	 1.16628	  0.1891	#_10        
 2003	7	1	 1.15037	  0.1817	#_11        
 2004	7	1	 1.07634	  0.1945	#_12        
 2005	7	1	0.860916	  0.1913	#_13        
 2006	7	1	0.869448	  0.2117	#_14        
 1993	7	2	0.962608	  0.2946	#_15        
 1994	7	2	 1.13447	  0.2421	#_16        
 1995	7	2	 0.85627	  0.2502	#_17        
 1996	7	2	0.882515	  0.2158	#_18        
 1997	7	2	0.882999	  0.1657	#_19        
 1998	7	2	 1.16075	  0.1853	#_20        
 1999	7	2	0.855914	  0.1597	#_21        
 2000	7	2	0.970219	  0.1912	#_22        
 2001	7	2	0.834311	  0.2006	#_23        
 2002	7	2	 1.01721	  0.1743	#_24        
 2003	7	2	0.943985	  0.1571	#_25        
 2004	7	2	0.970137	  0.1548	#_26        
 2005	7	2	0.983775	  0.1823	#_27        
 2006	7	2	 1.22705	  0.2263	#_28        
 1986	7	3	 1.10384	  0.1343	#_29        
 1987	7	3	 1.13992	  0.2402	#_30        
 1988	7	3	0.858872	  0.2702	#_31        
 1989	7	3	 1.03753	  0.3298	#_32        
 1990	7	3	  1.2621	  0.2462	#_33        
 1991	7	3	 1.16947	  0.1803	#_34        
 1992	7	3	 1.04646	  0.1364	#_35        
 1993	7	3	 1.06009	  0.1698	#_36        
 1994	7	3	 1.40081	  0.2315	#_37        
 1995	7	3	 1.16975	  0.2322	#_38        
 1996	7	3	0.728304	  0.3018	#_39        
 1997	7	3	0.806502	    0.22	#_40        
 1998	7	3	0.633467	  0.1982	#_41        
 1999	7	3	0.736784	  0.1405	#_42        
 2000	7	3	0.550364	  0.2133	#_43        
 2001	7	3	0.743505	  0.2051	#_44        
 2002	7	3	0.885173	  0.2023	#_45        
 2003	7	3	0.723092	  0.1792	#_46        
 2004	7	3	  1.0381	   0.144	#_47        
 2005	7	3	 0.35157	  0.1656	#_48        
 2006	7	3	0.721778	  0.1823	#_49        
 2007	7	3	0.581047	  0.2114	#_50        
 2008	7	3	 1.07956	  0.2243	#_51        
 2009	7	3	0.967309	   0.225	#_52        
 2010	7	3	  1.4478	  0.2406	#_53        
 2011	7	3	0.807436	  0.1556	#_54        
 2012	7	3	0.838356	   0.185	#_55        
 2013	7	3	0.580707	   0.213	#_56        
 2014	7	3	0.771707	  0.1501	#_57        
 2015	7	3	 1.11231	   0.156	#_58        
 2016	7	3	0.752499	  0.1563	#_59        
 2017	7	3	0.828337	  0.1595	#_60        
 1950	7	4	0.171608	     0.2	#_61        
 1951	7	4	0.176583	     0.2	#_62        
 1952	7	4	0.209484	     0.2	#_63        
 1953	7	4	0.179641	     0.2	#_64        
 1954	7	4	0.176639	     0.2	#_65        
 1955	7	4	0.168598	     0.2	#_66        
 1956	7	4	0.290756	     0.2	#_67        
 1957	7	4	0.213535	     0.2	#_68        
 1958	7	4	0.126322	     0.2	#_69        
 1959	7	4	0.178688	     0.2	#_70        
 1960	7	4	0.187335	     0.2	#_71        
 1961	7	4	0.228244	     0.2	#_72        
 1962	7	4	0.263472	     0.2	#_73        
 1963	7	4	0.230827	     0.2	#_74        
 1964	7	4	0.239307	     0.2	#_75        
 1965	7	4	 0.22086	     0.2	#_76        
 1966	7	4	 0.13697	     0.2	#_77        
 1967	7	4	 0.19428	     0.2	#_78        
 1968	7	4	 0.18213	     0.2	#_79        
 1969	7	4	0.199533	     0.2	#_80        
 1970	7	4	0.257667	     0.2	#_81        
 1971	7	4	0.272393	     0.2	#_82        
 1972	7	4	0.206124	     0.2	#_83        
 1973	7	4	0.192298	     0.2	#_84        
 1974	7	4	0.210601	     0.2	#_85        
 1975	7	4	0.169059	     0.2	#_86        
 1976	7	4	0.250471	     0.2	#_87        
 1977	7	4	0.338731	     0.2	#_88        
 1978	7	4	0.237423	     0.2	#_89        
 1979	7	4	0.168995	     0.2	#_90        
 1980	7	4	0.166649	     0.2	#_91        
 1981	7	4	0.181524	     0.2	#_92        
 1982	7	4	0.191566	     0.2	#_93        
 1983	7	4	0.211737	     0.2	#_94        
 1984	7	4	0.178775	     0.2	#_95        
 1985	7	4	0.184813	     0.2	#_96        
 1986	7	4	0.147975	     0.2	#_97        
 1987	7	4	0.296268	     0.2	#_98        
 1988	7	4	0.134434	     0.2	#_99        
 1989	7	4	0.190915	     0.2	#_100       
 1990	7	4	0.204969	     0.2	#_101       
 1991	7	4	0.182878	     0.2	#_102       
 1992	7	4	 0.12404	     0.2	#_103       
 1993	7	4	0.182341	     0.2	#_104       
 1994	7	4	0.223264	     0.2	#_105       
 1995	7	4	0.183262	     0.2	#_106       
 1996	7	4	0.211058	     0.2	#_107       
 1997	7	4	0.188403	     0.2	#_108       
 1998	7	4	0.175641	     0.2	#_109       
 1999	7	4	0.147482	     0.2	#_110       
 2000	7	4	0.135528	     0.2	#_111       
 2001	7	4	0.159924	     0.2	#_112       
 2002	7	4	0.224336	     0.2	#_113       
 2003	7	4	0.228222	     0.2	#_114       
 2004	7	4	0.178631	     0.2	#_115       
 2005	7	4	0.210834	     0.2	#_116       
 2006	7	4	 0.22816	     0.2	#_117       
 2007	7	4	 0.14711	     0.2	#_118       
 2008	7	4	0.162617	     0.2	#_119       
 2009	7	4	0.165184	     0.2	#_120       
 2010	7	4	0.210553	     0.2	#_121       
 2011	7	4	0.223643	     0.2	#_122       
 2012	7	4	0.248475	     0.2	#_123       
 2013	7	4	0.211213	     0.2	#_124       
 2014	7	4	0.152148	     0.2	#_125       
 2015	7	4	0.194588	     0.2	#_126       
 2016	7	4	0.239192	     0.2	#_127       
 2017	7	4	0.227959	     0.2	#_128       
 1986	7	5	 0.41294	  0.2867	#_129       
 1987	7	5	0.741784	  0.2748	#_130       
 1988	7	5	0.814913	  0.1925	#_131       
 1989	7	5	0.795092	  0.1934	#_132       
 1990	7	5	 0.90791	  0.1798	#_133       
 1991	7	5	0.866993	  0.1783	#_134       
 1992	7	5	0.768145	  0.1707	#_135       
 1993	7	5	0.968749	  0.1765	#_136       
 1994	7	5	0.762012	  0.1742	#_137       
 1995	7	5	 1.29929	  0.1863	#_138       
 1996	7	5	   1.017	  0.1988	#_139       
 1997	7	5	0.732507	  0.1964	#_140       
 1998	7	5	0.468675	  0.2188	#_141       
 1999	7	5	 0.77075	  0.2329	#_142       
 2000	7	5	0.617181	   0.222	#_143       
 2001	7	5	0.865102	  0.2137	#_144       
 2002	7	5	 1.36677	  0.2118	#_145       
 2003	7	5	  1.1656	   0.209	#_146       
 2004	7	5	 0.69499	   0.204	#_147       
 2005	7	5	0.967431	  0.2055	#_148       
 2006	7	5	 1.41539	   0.221	#_149       
 2007	7	5	 1.61696	  0.2315	#_150       
 2008	7	5	 1.00846	  0.2009	#_151       
 2009	7	5	0.973315	   0.197	#_152       
 2010	7	5	  1.1426	   0.215	#_153       
 2011	7	5	 1.05596	  0.1938	#_154       
 2012	7	5	0.743504	  0.1944	#_155       
 2013	7	5	0.988814	  0.1787	#_156       
 2014	7	5	 1.00137	  0.1678	#_157       
 2015	7	5	 1.02122	  0.1667	#_158       
 2016	7	5	 1.01373	  0.1586	#_159       
 2017	7	5	  1.5275	  0.1488	#_160       
 1986	7	6	  1.1172	  0.2083	#_161       
 1987	7	6	0.846447	  0.1987	#_162       
 1988	7	6	0.947655	  0.2146	#_163       
 1989	7	6	0.759222	  0.2046	#_164       
 1990	7	6	0.873004	  0.1904	#_165       
 1991	7	6	0.593559	  0.1948	#_166       
 1992	7	6	0.791363	  0.1829	#_167       
 1993	7	6	 1.11482	   0.171	#_168       
 1994	7	6	 1.02168	  0.1669	#_169       
 1995	7	6	0.842773	  0.1657	#_170       
 1996	7	6	 1.22833	  0.1722	#_171       
 1997	7	6	0.592405	  0.1842	#_172       
 1998	7	6	 0.79725	  0.1768	#_173       
 1999	7	6	0.748179	  0.2036	#_174       
 2000	7	6	0.984126	  0.1975	#_175       
 2001	7	6	0.701325	  0.1901	#_176       
 2002	7	6	 1.26405	  0.1787	#_177       
 2003	7	6	 1.13264	   0.177	#_178       
 2004	7	6	0.734094	  0.1741	#_179       
 2005	7	6	 1.15465	  0.1719	#_180       
 2006	7	6	 1.26612	  0.1868	#_181       
 2007	7	6	0.877942	  0.1805	#_182       
 2008	7	6	 1.20783	   0.285	#_183       
 2009	7	6	 1.05584	  0.2194	#_184       
 2010	7	6	0.879735	  0.2089	#_185       
 2011	7	6	 1.29203	  0.2093	#_186       
 2012	7	6	0.865625	  0.2191	#_187       
 2013	7	6	0.780049	  0.2211	#_188       
 2014	7	6	0.935043	  0.2486	#_189       
 2015	7	6	0.718961	  0.2178	#_190       
 2016	7	6	 1.01365	  0.2273	#_191       
 2017	7	6	  1.2803	  0.2523	#_192       
 1986	7	7	 1.15781	0.229322	#_193       
 1987	7	7	0.632113	 0.18555	#_194       
 1990	7	7	0.990723	 0.25466	#_195       
 1991	7	7	0.863765	0.220455	#_196       
 1993	7	7	 1.55808	0.215298	#_197       
 1994	7	7	0.731183	0.188572	#_198       
 1995	7	7	 1.10568	0.203662	#_199       
 1996	7	7	0.906316	 0.20671	#_200       
 1997	7	7	 1.03733	0.185845	#_201       
 1999	7	7	0.599858	0.204291	#_202       
 2000	7	7	0.996159	0.207054	#_203       
 2001	7	7	0.618477	0.196769	#_204       
 2003	7	7	 1.01943	0.182395	#_205       
 2006	7	7	  1.1467	0.192207	#_206       
 2007	7	7	0.838097	0.177098	#_207       
 2009	7	7	0.967861	0.186419	#_208       
 2010	7	7	0.955745	0.192591	#_209       
 2011	7	7	 1.35061	0.194557	#_210       
 2012	7	7	 1.13815	0.190458	#_211       
 2013	7	7	 1.37905	0.196107	#_212       
 2014	7	7	 1.37261	0.194256	#_213       
 2016	7	7	 1.11863	0.195724	#_214       
 1993	7	8	0.631915	0.295683	#_215       
 1994	7	8	0.780701	0.216693	#_216       
 1995	7	8	  1.1612	0.507363	#_217       
 1996	7	8	0.696661	0.291294	#_218       
 1997	7	8	0.720838	0.196541	#_219       
 2002	7	8	0.983792	0.223033	#_220       
 2004	7	8	 1.42737	0.213692	#_221       
 2005	7	8	0.956604	0.160119	#_222       
 2006	7	8	 1.19204	 0.32592	#_223       
 2007	7	8	 1.25098	0.156685	#_224       
 2008	7	8	  1.3873	0.209761	#_225       
 2009	7	8	0.808644	0.173403	#_226       
 2010	7	8	0.654175	0.157207	#_227       
 2011	7	8	 1.12979	0.111457	#_228       
 2012	7	8	  1.0049	0.133449	#_229       
 2013	7	8	 1.00412	0.141149	#_230       
 2014	7	8	0.987445	 0.11175	#_231       
 2015	7	8	 1.18437	0.132806	#_232       
 2016	7	8	0.886574	0.117429	#_233       
 2017	7	8	0.780587	0.124566	#_234       
 2009	7	9	0.811942	0.243001	#_235       
 2010	7	9	 1.45874	0.265449	#_236       
 2011	7	9	0.894552	0.261243	#_237       
 2012	7	9	0.905871	0.207352	#_238       
 2013	7	9	 1.30333	0.253906	#_239       
 2014	7	9	0.903212	0.260064	#_240       
 2015	7	9	0.855429	0.226881	#_241       
 2016	7	9	0.991849	0.228247	#_242       
 2017	7	9	0.941965	0.250359	#_243       
-9999	0	0	       0	       0	#_terminator
4 #_N_discard_fleets
#_discard_units (1=same_as_catchunits(bio/num); 2=fraction; 3=numbers)
#_discard_errtype:  >0 for DF of T-dist(read CV below); 0 for normal with CV; -1 for normal with se; -2 for lognormal
#
#_discard_fleet_info
#_Fleet	units	errtype
1	1	-2	#_CM_E   
2	1	-2	#_CM_W   
3	1	-2	#_REC    
4	1	-2	#_SMP_BYC
#
#_discard_data
#_Yr	Seas	Flt	Discard	Std_in
 1993	 7	 1	26.7192	0.3	#_1         
 1994	 7	 1	14.9655	0.3	#_2         
 1995	 7	 1	14.7823	0.3	#_3         
 1996	 7	 1	23.7596	0.3	#_4         
 1997	 7	 1	12.8717	0.3	#_5         
 1998	 7	 1	32.2803	0.3	#_6         
 1999	 7	 1	12.3365	0.3	#_7         
 2000	 7	 1	11.9638	0.3	#_8         
 2001	 7	 1	20.5251	0.3	#_9         
 2002	 7	 1	 16.605	0.3	#_10        
 2003	 7	 1	26.4022	0.3	#_11        
 2004	 7	 1	19.9487	0.3	#_12        
 2005	 7	 1	230.697	0.3	#_13        
 2006	 7	 1	147.018	0.3	#_14        
 2007	 7	 1	174.298	0.3	#_15        
 2008	 7	 1	102.651	0.3	#_16        
 2009	 7	 1	70.9984	0.3	#_17        
 2010	 7	 1	  91.14	0.3	#_18        
 2011	 7	 1	78.7175	0.3	#_19        
 2012	 7	 1	113.463	0.3	#_20        
 2013	 7	 1	93.4745	0.3	#_21        
 2014	 7	 1	94.2964	0.3	#_22        
 2015	 7	 1	116.419	0.3	#_23        
 2016	 7	 1	74.1001	0.3	#_24        
 2017	 7	 1	99.4091	0.3	#_25        
 1993	 7	 2	8.50155	0.3	#_26        
 1994	 7	 2	11.2482	0.3	#_27        
 1995	 7	 2	8.88771	0.3	#_28        
 1996	 7	 2	8.25396	0.3	#_29        
 1997	 7	 2	10.2382	0.3	#_30        
 1998	 7	 2	8.34625	0.3	#_31        
 1999	 7	 2	6.23878	0.3	#_32        
 2000	 7	 2	23.0949	0.3	#_33        
 2001	 7	 2	6.58067	0.3	#_34        
 2002	 7	 2	9.17166	0.3	#_35        
 2003	 7	 2	6.23942	0.3	#_36        
 2004	 7	 2	 10.125	0.3	#_37        
 2005	 7	 2	91.1545	0.3	#_38        
 2006	 7	 2	185.379	0.3	#_39        
 2007	 7	 2	132.958	0.3	#_40        
 2008	 7	 2	39.8199	0.3	#_41        
 2009	 7	 2	49.6234	0.3	#_42        
 2010	 7	 2	49.9561	0.3	#_43        
 2011	 7	 2	 28.559	0.3	#_44        
 2012	 7	 2	39.2384	0.3	#_45        
 2013	 7	 2	36.4905	0.3	#_46        
 2014	 7	 2	69.7914	0.3	#_47        
 2015	 7	 2	54.5035	0.3	#_48        
 2016	 7	 2	79.0366	0.3	#_49        
 2017	 7	 2	81.1514	0.3	#_50        
 1982	 7	 3	12.2235	0.3	#_51        
 1983	 7	 3	9.43114	0.3	#_52        
 1984	 7	 3	11.8438	0.3	#_53        
 1985	 7	 3	 7.1066	0.3	#_54        
 1986	 7	 3	12.7932	0.3	#_55        
 1987	 7	 3	11.2318	0.3	#_56        
 1988	 7	 3	8.82937	0.3	#_57        
 1989	 7	 3	7.73644	0.3	#_58        
 1990	 7	 3	205.165	0.3	#_59        
 1991	 7	 3	300.127	0.3	#_60        
 1992	 7	 3	319.881	0.3	#_61        
 1993	 7	 3	323.456	0.3	#_62        
 1994	 7	 3	291.761	0.3	#_63        
 1995	 7	 3	208.616	0.3	#_64        
 1996	 7	 3	255.974	0.3	#_65        
 1997	 7	 3	354.842	0.3	#_66        
 1998	 7	 3	243.749	0.3	#_67        
 1999	 7	 3	301.836	0.3	#_68        
 2000	 7	 3	525.136	0.3	#_69        
 2001	 7	 3	512.219	0.3	#_70        
 2002	 7	 3	656.488	0.3	#_71        
 2003	 7	 3	  606.7	0.3	#_72        
 2004	 7	 3	364.128	0.3	#_73        
 2005	 7	 3	919.933	0.3	#_74        
 2006	 7	 3	573.376	0.3	#_75        
 2007	 7	 3	1320.02	0.3	#_76        
 2008	 7	 3	1304.72	0.3	#_77        
 2009	 7	 3	538.214	0.3	#_78        
 2010	 7	 3	933.935	0.3	#_79        
 2011	 7	 3	736.011	0.3	#_80        
 2012	 7	 3	468.226	0.3	#_81        
 2013	 7	 3	604.589	0.3	#_82        
 2014	 7	 3	339.553	0.3	#_83        
 2015	 7	 3	688.109	0.3	#_84        
 2016	 7	 3	415.908	0.3	#_85        
 2017	 7	 3	368.812	0.3	#_86        
 1972	-7	 4	1188.55	0.1	#_87        
 1973	 7	-4	1020.02	0.5	#_88        
 1974	 7	-4	1020.02	0.5	#_89        
 1975	 7	-4	1020.02	0.5	#_90        
 1976	 7	-4	1020.02	0.5	#_91        
 1977	 7	-4	1020.02	0.5	#_92        
 1978	 7	-4	1020.02	0.5	#_93        
 1979	 7	-4	1020.02	0.5	#_94        
 1980	 7	-4	1020.02	0.5	#_95        
 1981	 7	-4	1020.02	0.5	#_96        
 1982	 7	-4	1020.02	0.5	#_97        
 1983	 7	-4	1020.02	0.5	#_98        
 1984	 7	-4	1020.02	0.5	#_99        
 1985	 7	-4	1020.02	0.5	#_100       
 1986	 7	-4	1020.02	0.5	#_101       
 1987	 7	-4	1020.02	0.5	#_102       
 1988	 7	-4	1020.02	0.5	#_103       
 1989	 7	-4	1020.02	0.5	#_104       
 1990	 7	-4	1020.02	0.5	#_105       
 1991	 7	-4	1020.02	0.5	#_106       
 1992	 7	-4	1020.02	0.5	#_107       
 1993	 7	-4	1020.02	0.5	#_108       
 1994	 7	-4	1020.02	0.5	#_109       
 1995	 7	-4	1020.02	0.5	#_110       
 1996	 7	-4	1020.02	0.5	#_111       
 1997	 7	-4	1020.02	0.5	#_112       
 1998	 7	-4	1020.02	0.5	#_113       
 1999	 7	-4	1020.02	0.5	#_114       
 2000	 7	-4	1020.02	0.5	#_115       
 2001	 7	-4	1020.02	0.5	#_116       
 2002	 7	-4	1020.02	0.5	#_117       
 2003	 7	-4	1020.02	0.5	#_118       
 2004	 7	-4	1020.02	0.5	#_119       
 2005	 7	-4	1020.02	0.5	#_120       
 2006	 7	-4	1020.02	0.5	#_121       
 2007	 7	-4	1020.02	0.5	#_122       
 2008	 7	-4	1020.02	0.5	#_123       
 2009	 7	-4	1020.02	0.5	#_124       
 2010	 7	-4	1020.02	0.5	#_125       
 2011	 7	-4	1020.02	0.5	#_126       
 2012	 7	-4	1020.02	0.5	#_127       
 2013	 7	-4	1020.02	0.5	#_128       
 2014	 7	-4	1020.02	0.5	#_129       
 2015	 7	-4	1020.02	0.5	#_130       
 2016	 7	-4	1020.02	0.5	#_131       
 2017	-7	-4	1020.02	0.5	#_132       
-9999	 0	 0	      0	  0	#_terminator
#
#_meanbodywt
0 #_use_meanbodywt
 #_DF_for_meanbodywt_T-distribution_like
#
#_population_length_bins
1 # length bin method: 1=use databins; 2=generate from binwidth,min,max below; 3=read vector
1 #_use_lencomp
#
#_len_info
#_mintailcomp	addtocomp	combine_M_F	CompressBins	CompError	ParmSelect	minsamplesize
1e-04	1e-07	0	0	0	0	1	#_CM_E   
1e-04	1e-07	0	0	0	0	1	#_CM_W   
1e-04	1e-07	0	0	0	0	1	#_REC    
1e-04	1e-07	0	0	0	0	1	#_SMP_BYC
1e-04	1e-07	0	0	0	0	1	#_HB_E   
1e-04	1e-07	0	0	0	0	1	#_HB_W   
1e-04	1e-07	0	0	0	0	1	#_LARVAL 
1e-04	1e-07	0	0	0	0	1	#_VIDEO  
1e-04	1e-07	0	0	0	0	1	#_SEAMAP 
12 #_N_lbins
#_lbin_vector
1 5 10 15 20 25 30 35 40 45 50 55 #_lbin_vector
#
#_lencomp
#_Yr	Seas	FltSvy	Gender	Part	Nsamp	l1	l5	l10	l15	l20	l25	l30	l35	l40	l45	l50	l55
 2002	7	8	0	0	 17	0	0	 4	 1	 4	 3	 4	1	0	0	0	0	#_1         
 2004	7	8	0	0	  6	0	0	 0	 0	 4	 1	 1	0	0	0	0	0	#_2         
 2005	7	8	0	0	 38	0	0	 4	 7	11	12	 1	1	2	0	0	0	#_3         
 2006	7	8	0	0	 18	0	0	 2	 2	 7	 5	 2	0	0	0	0	0	#_4         
 2007	7	8	0	0	 11	0	0	 2	 2	 3	 3	 1	0	0	0	0	0	#_5         
 2008	7	8	0	0	  8	0	0	 0	 1	 2	 3	 1	0	0	1	0	0	#_6         
 2009	7	8	0	0	 25	0	0	 0	 6	 7	 8	 1	2	1	0	0	0	#_7         
 2010	7	8	0	0	 32	0	0	 3	 3	11	 5	 2	6	2	0	0	0	#_8         
 2011	7	8	0	0	 47	0	1	 3	 4	13	14	 4	6	2	0	0	0	#_9         
 2012	7	8	0	0	 39	0	2	 4	 2	14	 7	 5	4	1	0	0	0	#_10        
 2013	7	8	0	0	100	0	0	 9	16	36	26	 5	6	2	0	0	0	#_11        
 2014	7	8	0	0	100	0	0	 5	17	44	20	 7	3	4	0	0	0	#_12        
 2015	7	8	0	0	 74	0	1	 5	15	15	19	11	5	3	0	0	0	#_13        
 2016	7	8	0	0	 32	0	2	 0	 2	13	 7	 5	3	0	0	0	0	#_14        
 2017	7	8	0	0	100	0	0	 7	15	34	26	12	4	2	0	0	0	#_15        
 2009	7	9	0	0	 35	0	2	 8	13	11	 1	 0	0	0	0	0	0	#_16        
 2010	7	9	0	0	100	0	3	18	45	29	 5	 0	0	0	0	0	0	#_17        
 2011	7	9	0	0	 17	0	0	 5	 6	 6	 0	 0	0	0	0	0	0	#_18        
 2012	7	9	0	0	 11	0	1	 3	 4	 3	 0	 0	0	0	0	0	0	#_19        
 2013	7	9	0	0	 37	0	2	 6	16	13	 0	 0	0	0	0	0	0	#_20        
 2014	7	9	0	0	 69	0	1	11	38	17	 2	 0	0	0	0	0	0	#_21        
 2015	7	9	0	0	 37	0	0	 8	14	15	 0	 0	0	0	0	0	0	#_22        
 2016	7	9	0	0	 38	0	2	 5	15	14	 2	 0	0	0	0	0	0	#_23        
 2017	7	9	0	0	100	0	1	18	34	42	 5	 0	0	0	0	0	0	#_24        
-9999	0	0	0	0	  0	0	0	 0	 0	 0	 0	 0	0	0	0	0	0	#_terminator
14 #_N_agebins
#
#_agebin_vector
1 2 3 4 5 6 7 8 9 10 11 12 13 14 #_agebin_vector
#
#_ageing_error
1 #_N_ageerror_definitions
#_age0	age1	age2	age3	age4	age5	age6	age7	age8	age9	age10	age11	age12	age13	age14
  0.5	  1.5	  2.5	  3.5	  4.5	  5.5	  6.5	  7.5	  8.5	  9.5	 10.5	 11.5	 12.5	 13.5	 14.5	#_1
0.001	0.001	0.001	0.001	0.001	0.001	0.001	0.001	0.001	0.001	0.001	0.001	0.001	0.001	0.001	#_2
#
#_age_info
#_mintailcomp	addtocomp	combine_M_F	CompressBins	CompError	ParmSelect	minsamplesize
1e-04	1e-07	0	0	0	0	1	#_CM_E   
1e-04	1e-07	0	0	0	0	1	#_CM_W   
1e-04	1e-07	0	0	0	0	1	#_REC    
1e-04	1e-07	0	0	0	0	1	#_SMP_BYC
1e-04	1e-07	0	0	0	0	1	#_HB_E   
1e-04	1e-07	0	0	0	0	1	#_HB_W   
1e-04	1e-07	0	0	0	0	1	#_LARVAL 
1e-04	1e-07	0	0	0	0	1	#_VIDEO  
1e-04	1e-07	0	0	0	0	1	#_SEAMAP 
2 #_Lbin_method: 1=poplenbins; 2=datalenbins; 3=lengths
 #_combine males into females at or below this bin number
#_Yr	Seas	FltSvy	Gender	Part	Ageerr	Lbin_lo	Lbin_hi	Nsamp	a1	a2	a3	a4	a5	a6	a7	a8	a9	a10	a11	a12	a13	a14
 1995	7	1	0	2	1	-1	-1	  3	0	 0	 0	 0	 2	 0	 0	 0	 0	0	1	0	0	0	#_1         
 1998	7	1	0	2	1	-1	-1	  6	0	 0	 1	 0	 1	 1	 0	 1	 1	0	1	0	0	0	#_2         
 2000	7	1	0	2	1	-1	-1	  8	0	 2	 0	 0	 2	 1	 2	 0	 0	1	0	0	0	0	#_3         
 2001	7	1	0	2	1	-1	-1	 23	0	 2	 3	 4	 2	 2	 3	 2	 0	1	0	0	1	3	#_4         
 2002	7	1	0	2	1	-1	-1	100	0	12	35	13	19	 5	 2	 4	 2	2	0	2	1	3	#_5         
 2003	7	1	0	2	1	-1	-1	 23	0	 1	 3	 6	 6	 2	 1	 1	 0	2	1	0	0	0	#_6         
 2004	7	1	0	2	1	-1	-1	 33	0	 4	 7	 0	14	 2	 1	 2	 1	0	0	0	0	2	#_7         
 2005	7	1	0	2	1	-1	-1	100	0	 2	18	17	14	25	 3	 3	 4	0	5	4	1	4	#_8         
 2006	7	1	0	2	1	-1	-1	 59	0	 2	12	11	10	 3	 6	 6	 3	3	1	0	1	1	#_9         
 2007	7	1	0	2	1	-1	-1	 54	0	 2	 7	10	 8	 7	 3	 4	 4	1	1	0	2	5	#_10        
 2008	7	1	0	2	1	-1	-1	100	0	 8	19	15	16	12	 7	 3	 6	4	3	0	0	7	#_11        
 2009	7	1	0	2	1	-1	-1	100	0	 5	20	20	 9	21	10	 3	 2	2	3	0	0	5	#_12        
 2010	7	1	0	2	1	-1	-1	 32	0	 0	11	 6	 2	 5	 3	 2	 1	1	0	0	0	1	#_13        
 2011	7	1	0	2	1	-1	-1	 87	0	 4	14	15	16	11	 4	 5	 8	0	2	4	0	4	#_14        
 2012	7	1	0	2	1	-1	-1	 99	0	 5	13	15	14	15	 9	 7	 8	2	1	4	1	5	#_15        
 2013	7	1	0	2	1	-1	-1	 55	0	 2	15	 5	 4	 9	 4	 4	 1	4	5	1	0	1	#_16        
 2014	7	1	0	2	1	-1	-1	 79	0	 8	 7	14	11	 5	13	11	 4	3	1	0	0	2	#_17        
 2015	7	1	0	2	1	-1	-1	100	0	 9	25	 7	14	 6	11	 9	 2	1	1	6	4	5	#_18        
 2016	7	1	0	2	1	-1	-1	100	0	 3	21	28	 8	11	 6	 4	 4	4	0	7	2	2	#_19        
 2017	7	1	0	2	1	-1	-1	100	0	 9	21	 5	22	 8	 8	 5	 2	6	5	0	1	8	#_20        
 1994	7	2	0	2	1	-1	-1	  8	0	 0	 0	 0	 2	 1	 2	 2	 0	0	0	1	0	0	#_21        
 1995	7	2	0	2	1	-1	-1	  7	0	 0	 1	 2	 3	 1	 0	 0	 0	0	0	0	0	0	#_22        
 2000	7	2	0	2	1	-1	-1	 64	0	 0	 8	12	 8	 9	 9	 4	 0	7	1	1	1	4	#_23        
 2001	7	2	0	2	1	-1	-1	 48	0	 5	 3	11	 6	 5	 2	 3	 6	4	0	1	0	2	#_24        
 2002	7	2	0	2	1	-1	-1	 34	0	 0	12	 5	 6	 1	 3	 0	 3	2	1	0	0	1	#_25        
 2003	7	2	0	2	1	-1	-1	 30	0	 1	 2	 9	 5	 3	 5	 3	 0	2	0	0	0	0	#_26        
 2004	7	2	0	2	1	-1	-1	100	1	 4	11	16	30	12	 5	 3	 3	1	3	3	3	5	#_27        
 2005	7	2	0	2	1	-1	-1	 21	0	 1	 2	 2	 4	 3	 3	 0	 1	1	0	1	0	3	#_28        
 2006	7	2	0	2	1	-1	-1	 16	0	 0	 2	 1	 2	 2	 2	 1	 1	2	0	1	2	0	#_29        
 2007	7	2	0	2	1	-1	-1	100	0	 0	 5	19	17	14	12	19	 5	4	0	3	0	2	#_30        
 2008	7	2	0	2	1	-1	-1	100	0	 3	 7	11	18	20	10	 5	 9	3	3	6	1	4	#_31        
 2009	7	2	0	2	1	-1	-1	100	0	 2	 7	14	17	20	13	 9	 1	5	4	3	2	3	#_32        
 2010	7	2	0	2	1	-1	-1	 59	0	 1	 3	 6	 8	10	11	 6	 3	3	3	2	2	1	#_33        
 2011	7	2	0	2	1	-1	-1	100	0	 0	 7	19	16	18	10	 8	 6	3	2	3	4	4	#_34        
 2012	7	2	0	2	1	-1	-1	 89	0	 1	 4	11	22	10	14	 6	10	4	2	1	2	2	#_35        
 2013	7	2	0	2	1	-1	-1	 48	0	 0	 5	 7	 6	 8	 8	 2	 3	3	1	2	3	0	#_36        
 2014	7	2	0	2	1	-1	-1	 47	0	 1	 4	12	 7	 7	 3	 2	 3	4	1	1	1	1	#_37        
 2015	7	2	0	2	1	-1	-1	 23	0	 0	 0	 2	 4	 1	 3	 4	 1	2	0	0	1	5	#_38        
 2016	7	2	0	2	1	-1	-1	 82	1	 2	 3	19	12	11	 8	 5	 8	4	1	3	1	4	#_39        
 2017	7	2	0	2	1	-1	-1	 89	0	 3	 7	10	29	 9	 5	 5	 5	5	3	2	2	4	#_40        
 1994	7	3	0	2	1	-1	-1	 13	0	 0	 6	 4	 1	 0	 1	 1	 0	0	0	0	0	0	#_41        
 1995	7	3	0	2	1	-1	-1	  6	0	 0	 3	 0	 1	 1	 1	 0	 0	0	0	0	0	0	#_42        
 1996	7	3	0	2	1	-1	-1	 77	0	 4	25	16	11	 7	 5	 4	 1	2	0	0	2	0	#_43        
 1997	7	3	0	2	1	-1	-1	 15	0	 3	 4	 0	 3	 3	 0	 2	 0	0	0	0	0	0	#_44        
 1998	7	3	0	2	1	-1	-1	 13	0	 0	 2	 3	 5	 2	 1	 0	 0	0	0	0	0	0	#_45        
 1999	7	3	0	2	1	-1	-1	 25	1	 1	 2	 5	 7	 4	 2	 0	 1	0	0	1	1	0	#_46        
 2000	7	3	0	2	1	-1	-1	 61	0	 6	14	13	12	 8	 5	 0	 1	0	0	0	0	2	#_47        
 2001	7	3	0	2	1	-1	-1	  7	0	 0	 3	 2	 0	 0	 1	 1	 0	0	0	0	0	0	#_48        
 2002	7	3	0	2	1	-1	-1	 15	0	 1	 6	 2	 3	 0	 2	 1	 0	0	0	0	0	0	#_49        
 2003	7	3	0	2	1	-1	-1	 19	0	 0	 3	 6	 3	 2	 2	 1	 0	2	0	0	0	0	#_50        
 2004	7	3	0	2	1	-1	-1	  4	0	 0	 2	 0	 1	 0	 1	 0	 0	0	0	0	0	0	#_51        
 2005	7	3	0	2	1	-1	-1	 54	0	 4	 7	11	 9	14	 3	 2	 2	0	2	0	0	0	#_52        
 2006	7	3	0	2	1	-1	-1	 93	0	 2	22	28	14	 7	13	 2	 1	4	0	0	0	0	#_53        
 2007	7	3	0	2	1	-1	-1	100	0	 9	16	22	18	14	 6	11	 1	1	0	1	1	0	#_54        
 2008	7	3	0	2	1	-1	-1	 42	0	 5	 8	12	 7	 2	 2	 2	 2	1	0	0	1	0	#_55        
 2009	7	3	0	2	1	-1	-1	100	0	11	19	26	14	14	10	 3	 2	1	0	0	0	0	#_56        
 2010	7	3	0	2	1	-1	-1	 20	0	 3	 4	 5	 2	 2	 4	 0	 0	0	0	0	0	0	#_57        
 2011	7	3	0	2	1	-1	-1	 78	0	 6	20	18	17	 6	 5	 4	 0	2	0	0	0	0	#_58        
 2012	7	3	0	2	1	-1	-1	100	0	 6	19	20	21	16	 5	 6	 3	3	0	0	1	0	#_59        
 2013	7	3	0	2	1	-1	-1	100	0	 7	22	17	17	15	 9	 3	 4	2	1	0	3	0	#_60        
 2014	7	3	0	2	1	-1	-1	100	0	12	14	28	16	10	13	 1	 2	1	0	2	0	1	#_61        
 2015	7	3	0	2	1	-1	-1	 46	0	 1	16	 6	16	 3	 4	 0	 0	0	0	0	0	0	#_62        
 2016	7	3	0	2	1	-1	-1	100	0	 5	20	42	 7	10	 5	 6	 3	0	0	1	0	1	#_63        
 2017	7	3	0	2	1	-1	-1	100	1	 8	23	18	28	 5	 8	 3	 1	2	1	2	0	0	#_64        
-9999	0	0	0	0	0	 0	 0	  0	0	 0	 0	 0	 0	 0	 0	 0	 0	0	0	0	0	0	#_terminator
#
#_MeanSize_at_Age_obs
0 #_use_MeanSize_at_Age_obs
0 #_N_environ_variables
0 #_N_sizefreq_methods
0 #_do_tags
0 #_morphcomp_data
0 #_use_selectivity_priors
#
999
