#V3.30
#C data file created using the SS_writedat function in the R package r4ss
#C should work with SS version:
#C file write time: 2020-01-23 16:14:32
#
1950 #_styr
2017 #_endyr
1 #_nseas
12 #_months_per_seas
2 #_Nsubseasons
1 #_spawn_month
1 #_Nsexes
14 #_Nages
1 #_N_areas
9 #_Nfleets
#_fleetinfo
#_type	surveytiming	area	units	need_catch_mult	fleetname
1	-1	1	1	0	CM_E   	#_1
1	-1	1	1	0	CM_W   	#_2
1	-1	1	2	0	REC    	#_3
2	-1	1	2	0	SMP_BYC	#_4
3	 1	1	1	0	HB_E   	#_5
3	 1	1	1	0	HB_W   	#_6
3	 1	1	1	0	LARVAL 	#_7
3	 1	1	1	0	VIDEO  	#_8
3	 1	1	1	0	SEAMAP 	#_9
#Bycatch_fleet_input
#_fleetindex	includeinMSY	Fmult	F_or_first_year	F_or_last_year	unused
4	1	3	2011	2014	999	#_4
#_Catch data
#_year	season	fleet	catch	catch_se
 -999	1	1	      0	0.01	#_1         
 1950	1	1	1341.37	0.05	#_2         
 1951	1	1	1237.11	0.05	#_3         
 1952	1	1	1085.38	0.05	#_4         
 1953	1	1	1047.13	0.05	#_5         
 1954	1	1	1048.37	0.05	#_6         
 1955	1	1	984.744	0.05	#_7         
 1956	1	1	766.066	0.05	#_8         
 1957	1	1	837.073	0.05	#_9         
 1958	1	1	816.611	0.05	#_10        
 1959	1	1	789.391	0.05	#_11        
 1960	1	1	 740.67	0.05	#_12        
 1961	1	1	757.298	0.05	#_13        
 1962	1	1	724.304	0.05	#_14        
 1963	1	1	735.865	0.05	#_15        
 1964	1	1	 732.49	0.05	#_16        
 1965	1	1	745.672	0.05	#_17        
 1966	1	1	 672.18	0.05	#_18        
 1967	1	1	701.483	0.05	#_19        
 1968	1	1	704.524	0.05	#_20        
 1969	1	1	718.735	0.05	#_21        
 1970	1	1	727.086	0.05	#_22        
 1971	1	1	 741.63	0.05	#_23        
 1972	1	1	665.957	0.05	#_24        
 1973	1	1	780.762	0.05	#_25        
 1974	1	1	755.466	0.05	#_26        
 1975	1	1	755.861	0.05	#_27        
 1976	1	1	721.987	0.05	#_28        
 1977	1	1	745.582	0.05	#_29        
 1978	1	1	661.248	0.05	#_30        
 1979	1	1	 685.47	0.05	#_31        
 1980	1	1	722.185	0.05	#_32        
 1981	1	1	691.067	0.05	#_33        
 1982	1	1	781.027	0.05	#_34        
 1983	1	1	814.928	0.05	#_35        
 1984	1	1	768.951	0.05	#_36        
 1985	1	1	722.962	0.05	#_37        
 1986	1	1	710.958	0.05	#_38        
 1987	1	1	626.162	0.05	#_39        
 1988	1	1	694.712	0.05	#_40        
 1989	1	1	719.868	0.05	#_41        
 1990	1	1	653.179	0.05	#_42        
 1991	1	1	669.961	0.05	#_43        
 1992	1	1	680.474	0.05	#_44        
 1993	1	1	729.637	0.05	#_45        
 1994	1	1	705.786	0.05	#_46        
 1995	1	1	781.827	0.05	#_47        
 1996	1	1	784.715	0.05	#_48        
 1997	1	1	736.705	0.05	#_49        
 1998	1	1	764.692	0.05	#_50        
 1999	1	1	815.738	0.05	#_51        
 2000	1	1	814.329	0.05	#_52        
 2001	1	1	790.956	0.05	#_53        
 2002	1	1	 796.05	0.05	#_54        
 2003	1	1	834.041	0.05	#_55        
 2004	1	1	846.663	0.05	#_56        
 2005	1	1	595.675	0.05	#_57        
 2006	1	1	567.075	0.05	#_58        
 2007	1	1	562.232	0.05	#_59        
 2008	1	1	715.794	0.05	#_60        
 2009	1	1	747.237	0.05	#_61        
 2010	1	1	705.833	0.05	#_62        
 2011	1	1	712.429	0.05	#_63        
 2012	1	1	695.498	0.05	#_64        
 2013	1	1	690.783	0.05	#_65        
 2014	1	1	756.262	0.05	#_66        
 2015	1	1	 715.35	0.05	#_67        
 2016	1	1	662.765	0.05	#_68        
 2017	1	1	722.573	0.05	#_69        
 -999	1	2	      0	0.01	#_70        
 1950	1	2	1181.93	0.05	#_71        
 1951	1	2	976.842	0.05	#_72        
 1952	1	2	926.771	0.05	#_73        
 1953	1	2	756.847	0.05	#_74        
 1954	1	2	767.513	0.05	#_75        
 1955	1	2	711.008	0.05	#_76        
 1956	1	2	616.936	0.05	#_77        
 1957	1	2	 625.12	0.05	#_78        
 1958	1	2	593.396	0.05	#_79        
 1959	1	2	631.916	0.05	#_80        
 1960	1	2	578.656	0.05	#_81        
 1961	1	2	571.605	0.05	#_82        
 1962	1	2	536.711	0.05	#_83        
 1963	1	2	613.419	0.05	#_84        
 1964	1	2	535.401	0.05	#_85        
 1965	1	2	483.875	0.05	#_86        
 1966	1	2	517.217	0.05	#_87        
 1967	1	2	516.763	0.05	#_88        
 1968	1	2	560.348	0.05	#_89        
 1969	1	2	499.711	0.05	#_90        
 1970	1	2	514.213	0.05	#_91        
 1971	1	2	493.993	0.05	#_92        
 1972	1	2	477.862	0.05	#_93        
 1973	1	2	479.377	0.05	#_94        
 1974	1	2	521.368	0.05	#_95        
 1975	1	2	512.674	0.05	#_96        
 1976	1	2	 547.45	0.05	#_97        
 1977	1	2	505.568	0.05	#_98        
 1978	1	2	512.743	0.05	#_99        
 1979	1	2	540.447	0.05	#_100       
 1980	1	2	 495.65	0.05	#_101       
 1981	1	2	530.239	0.05	#_102       
 1982	1	2	564.286	0.05	#_103       
 1983	1	2	487.201	0.05	#_104       
 1984	1	2	490.792	0.05	#_105       
 1985	1	2	 478.59	0.05	#_106       
 1986	1	2	515.142	0.05	#_107       
 1987	1	2	510.311	0.05	#_108       
 1988	1	2	507.209	0.05	#_109       
 1989	1	2	520.461	0.05	#_110       
 1990	1	2	471.161	0.05	#_111       
 1991	1	2	568.804	0.05	#_112       
 1992	1	2	 521.42	0.05	#_113       
 1993	1	2	487.293	0.05	#_114       
 1994	1	2	547.166	0.05	#_115       
 1995	1	2	538.904	0.05	#_116       
 1996	1	2	564.603	0.05	#_117       
 1997	1	2	558.906	0.05	#_118       
 1998	1	2	554.686	0.05	#_119       
 1999	1	2	597.963	0.05	#_120       
 2000	1	2	563.361	0.05	#_121       
 2001	1	2	582.449	0.05	#_122       
 2002	1	2	661.327	0.05	#_123       
 2003	1	2	675.011	0.05	#_124       
 2004	1	2	612.448	0.05	#_125       
 2005	1	2	469.377	0.05	#_126       
 2006	1	2	479.345	0.05	#_127       
 2007	1	2	475.205	0.05	#_128       
 2008	1	2	526.661	0.05	#_129       
 2009	1	2	507.774	0.05	#_130       
 2010	1	2	598.813	0.05	#_131       
 2011	1	2	 576.92	0.05	#_132       
 2012	1	2	 563.91	0.05	#_133       
 2013	1	2	552.814	0.05	#_134       
 2014	1	2	524.779	0.05	#_135       
 2015	1	2	558.489	0.05	#_136       
 2016	1	2	543.724	0.05	#_137       
 2017	1	2	500.785	0.05	#_138       
 -999	1	3	      0	0.01	#_139       
 1950	1	3	2478.14	0.15	#_140       
 1951	1	3	1948.31	0.15	#_141       
 1952	1	3	1760.49	0.15	#_142       
 1953	1	3	1621.51	0.15	#_143       
 1954	1	3	1537.71	0.15	#_144       
 1955	1	3	1518.04	0.15	#_145       
 1956	1	3	1491.37	0.15	#_146       
 1957	1	3	1527.53	0.15	#_147       
 1958	1	3	 1464.2	0.15	#_148       
 1959	1	3	1309.14	0.15	#_149       
 1960	1	3	1400.38	0.15	#_150       
 1961	1	3	1209.84	0.15	#_151       
 1962	1	3	1408.71	0.15	#_152       
 1963	1	3	1213.63	0.15	#_153       
 1964	1	3	1178.29	0.15	#_154       
 1965	1	3	1296.49	0.15	#_155       
 1966	1	3	1258.98	0.15	#_156       
 1967	1	3	1081.41	0.15	#_157       
 1968	1	3	1292.57	0.15	#_158       
 1969	1	3	1238.08	0.15	#_159       
 1970	1	3	1855.37	0.15	#_160       
 1971	1	3	1509.58	0.15	#_161       
 1972	1	3	1263.06	0.15	#_162       
 1973	1	3	1118.49	0.15	#_163       
 1974	1	3	1371.35	0.15	#_164       
 1975	1	3	1360.52	0.15	#_165       
 1976	1	3	1185.74	0.15	#_166       
 1977	1	3	1291.99	0.15	#_167       
 1978	1	3	1461.34	0.15	#_168       
 1979	1	3	1266.07	0.15	#_169       
 1980	1	3	1433.47	0.15	#_170       
 1981	1	3	 1530.9	0.15	#_171       
 1982	1	3	1276.17	0.15	#_172       
 1983	1	3	886.033	0.15	#_173       
 1984	1	3	1073.08	0.15	#_174       
 1985	1	3	1439.79	0.15	#_175       
 1986	1	3	1484.08	0.15	#_176       
 1987	1	3	1181.61	0.15	#_177       
 1988	1	3	1380.64	0.15	#_178       
 1989	1	3	1337.97	0.15	#_179       
 1990	1	3	 952.89	0.15	#_180       
 1991	1	3	977.691	0.15	#_181       
 1992	1	3	1133.69	0.15	#_182       
 1993	1	3	 1189.4	0.15	#_183       
 1994	1	3	1132.54	0.15	#_184       
 1995	1	3	935.754	0.15	#_185       
 1996	1	3	1467.01	0.15	#_186       
 1997	1	3	789.822	0.15	#_187       
 1998	1	3	932.298	0.15	#_188       
 1999	1	3	944.141	0.15	#_189       
 2000	1	3	1230.23	0.15	#_190       
 2001	1	3	1011.02	0.15	#_191       
 2002	1	3	922.864	0.15	#_192       
 2003	1	3	1326.13	0.15	#_193       
 2004	1	3	1205.34	0.15	#_194       
 2005	1	3	547.045	0.15	#_195       
 2006	1	3	537.192	0.15	#_196       
 2007	1	3	513.815	0.15	#_197       
 2008	1	3	592.897	0.15	#_198       
 2009	1	3	899.305	0.15	#_199       
 2010	1	3	1104.75	0.15	#_200       
 2011	1	3	1242.53	0.15	#_201       
 2012	1	3	956.849	0.15	#_202       
 2013	1	3	788.436	0.15	#_203       
 2014	1	3	908.763	0.15	#_204       
 2015	1	3	857.289	0.15	#_205       
 2016	1	3	619.292	0.15	#_206       
 2017	1	3	819.262	0.15	#_207       
 -999	1	4	      0	0.01	#_208       
 1950	1	4	    0.1	 0.1	#_209       
 1951	1	4	    0.1	 0.1	#_210       
 1952	1	4	    0.1	 0.1	#_211       
 1953	1	4	    0.1	 0.1	#_212       
 1954	1	4	    0.1	 0.1	#_213       
 1955	1	4	    0.1	 0.1	#_214       
 1956	1	4	    0.1	 0.1	#_215       
 1957	1	4	    0.1	 0.1	#_216       
 1958	1	4	    0.1	 0.1	#_217       
 1959	1	4	    0.1	 0.1	#_218       
 1960	1	4	    0.1	 0.1	#_219       
 1961	1	4	    0.1	 0.1	#_220       
 1962	1	4	    0.1	 0.1	#_221       
 1963	1	4	    0.1	 0.1	#_222       
 1964	1	4	    0.1	 0.1	#_223       
 1965	1	4	    0.1	 0.1	#_224       
 1966	1	4	    0.1	 0.1	#_225       
 1967	1	4	    0.1	 0.1	#_226       
 1968	1	4	    0.1	 0.1	#_227       
 1969	1	4	    0.1	 0.1	#_228       
 1970	1	4	    0.1	 0.1	#_229       
 1971	1	4	    0.1	 0.1	#_230       
 1972	1	4	    0.1	 0.1	#_231       
 1973	1	4	    0.1	 0.1	#_232       
 1974	1	4	    0.1	 0.1	#_233       
 1975	1	4	    0.1	 0.1	#_234       
 1976	1	4	    0.1	 0.1	#_235       
 1977	1	4	    0.1	 0.1	#_236       
 1978	1	4	    0.1	 0.1	#_237       
 1979	1	4	    0.1	 0.1	#_238       
 1980	1	4	    0.1	 0.1	#_239       
 1981	1	4	    0.1	 0.1	#_240       
 1982	1	4	    0.1	 0.1	#_241       
 1983	1	4	    0.1	 0.1	#_242       
 1984	1	4	    0.1	 0.1	#_243       
 1985	1	4	    0.1	 0.1	#_244       
 1986	1	4	    0.1	 0.1	#_245       
 1987	1	4	    0.1	 0.1	#_246       
 1988	1	4	    0.1	 0.1	#_247       
 1989	1	4	    0.1	 0.1	#_248       
 1990	1	4	    0.1	 0.1	#_249       
 1991	1	4	    0.1	 0.1	#_250       
 1992	1	4	    0.1	 0.1	#_251       
 1993	1	4	    0.1	 0.1	#_252       
 1994	1	4	    0.1	 0.1	#_253       
 1995	1	4	    0.1	 0.1	#_254       
 1996	1	4	    0.1	 0.1	#_255       
 1997	1	4	    0.1	 0.1	#_256       
 1998	1	4	    0.1	 0.1	#_257       
 1999	1	4	    0.1	 0.1	#_258       
 2000	1	4	    0.1	 0.1	#_259       
 2001	1	4	    0.1	 0.1	#_260       
 2002	1	4	    0.1	 0.1	#_261       
 2003	1	4	    0.1	 0.1	#_262       
 2004	1	4	    0.1	 0.1	#_263       
 2005	1	4	    0.1	 0.1	#_264       
 2006	1	4	    0.1	 0.1	#_265       
 2007	1	4	    0.1	 0.1	#_266       
 2008	1	4	    0.1	 0.1	#_267       
 2009	1	4	    0.1	 0.1	#_268       
 2010	1	4	    0.1	 0.1	#_269       
 2011	1	4	    0.1	 0.1	#_270       
 2012	1	4	    0.1	 0.1	#_271       
 2013	1	4	    0.1	 0.1	#_272       
 2014	1	4	    0.1	 0.1	#_273       
 2015	1	4	    0.1	 0.1	#_274       
 2016	1	4	    0.1	 0.1	#_275       
 2017	1	4	    0.1	 0.1	#_276       
-9999	0	0	      0	   0	#_terminator
#_CPUE_and_surveyabundance_observations
#_Units:  0=numbers; 1=biomass; 2=F; >=30 for special types
#_Errtype:  -1=normal; 0=lognormal; >0=T
#_SD_Report: 0=no sdreport; 1=enable sdreport
#_Fleet	Units	Errtype	SD_Report
1	 1	0	0	#_CM_E   
2	 1	0	0	#_CM_W   
3	 0	0	0	#_REC    
4	 2	0	0	#_SMP_BYC
5	 0	0	0	#_HB_E   
6	 0	0	0	#_HB_W   
7	30	0	0	#_LARVAL 
8	 0	0	0	#_VIDEO  
9	 0	0	0	#_SEAMAP 
#
#_CPUE_data
#_year	seas	index	obs	se_log
 1993	7	1	 1.09632	   0.224	#_1         
 1994	7	1	0.803193	  0.1921	#_2         
 1995	7	1	 1.37096	  0.2148	#_3         
 1996	7	1	 1.22125	  0.1909	#_4         
 1997	7	1	 1.04216	  0.2007	#_5         
 1998	7	1	0.865795	  0.2021	#_6         
 1999	7	1	0.813166	  0.1857	#_7         
 2000	7	1	 1.58606	   0.217	#_8         
 2001	7	1	 1.08213	  0.2045	#_9         
 2002	7	1	 1.20448	  0.1891	#_10        
 2003	7	1	 1.08727	  0.1817	#_11        
 2004	7	1	 1.11245	  0.1945	#_12        
 2005	7	1	 0.40401	  0.1913	#_13        
 2006	7	1	0.558981	  0.2117	#_14        
 1993	7	2	0.614122	  0.2946	#_15        
 1994	7	2	0.836139	  0.2421	#_16        
 1995	7	2	0.829614	  0.2502	#_17        
 1996	7	2	 1.12661	  0.2158	#_18        
 1997	7	2	0.891204	  0.1657	#_19        
 1998	7	2	0.728478	  0.1853	#_20        
 1999	7	2	 0.85019	  0.1597	#_21        
 2000	7	2	 1.27412	  0.1912	#_22        
 2001	7	2	 1.05054	  0.2006	#_23        
 2002	7	2	0.917951	  0.1743	#_24        
 2003	7	2	 1.17314	  0.1571	#_25        
 2004	7	2	 1.17961	  0.1548	#_26        
 2005	7	2	0.907704	  0.1823	#_27        
 2006	7	2	0.982003	  0.2263	#_28        
 1986	7	3	 1.17355	  0.1343	#_29        
 1987	7	3	   1.207	  0.2402	#_30        
 1988	7	3	 1.45797	  0.2702	#_31        
 1989	7	3	 1.16423	  0.3298	#_32        
 1990	7	3	 1.56935	  0.2462	#_33        
 1991	7	3	 1.14527	  0.1803	#_34        
 1992	7	3	 1.04721	  0.1364	#_35        
 1993	7	3	0.777385	  0.1698	#_36        
 1994	7	3	  1.3084	  0.2315	#_37        
 1995	7	3	0.670337	  0.2322	#_38        
 1996	7	3	0.805104	  0.3018	#_39        
 1997	7	3	0.810892	    0.22	#_40        
 1998	7	3	0.734158	  0.1982	#_41        
 1999	7	3	0.810661	  0.1405	#_42        
 2000	7	3	0.994434	  0.2133	#_43        
 2001	7	3	 1.17516	  0.2051	#_44        
 2002	7	3	 1.29487	  0.2023	#_45        
 2003	7	3	0.860833	  0.1792	#_46        
 2004	7	3	 0.70228	   0.144	#_47        
 2005	7	3	0.486866	  0.1656	#_48        
 2006	7	3	0.483432	  0.1823	#_49        
 2007	7	3	 0.35006	  0.2114	#_50        
 2008	7	3	0.604127	  0.2243	#_51        
 2009	7	3	 1.08915	   0.225	#_52        
 2010	7	3	0.662788	  0.2406	#_53        
 2011	7	3	 0.81471	  0.1556	#_54        
 2012	7	3	0.914787	   0.185	#_55        
 2013	7	3	0.865548	   0.213	#_56        
 2014	7	3	0.865958	  0.1501	#_57        
 2015	7	3	0.797957	   0.156	#_58        
 2016	7	3	0.825859	  0.1563	#_59        
 2017	7	3	0.813628	  0.1595	#_60        
 1950	7	4	0.299828	     0.2	#_61        
 1951	7	4	0.203123	     0.2	#_62        
 1952	7	4	0.219399	     0.2	#_63        
 1953	7	4	0.250364	     0.2	#_64        
 1954	7	4	0.246281	     0.2	#_65        
 1955	7	4	0.159262	     0.2	#_66        
 1956	7	4	0.158376	     0.2	#_67        
 1957	7	4	0.271293	     0.2	#_68        
 1958	7	4	0.303006	     0.2	#_69        
 1959	7	4	0.188456	     0.2	#_70        
 1960	7	4	0.205249	     0.2	#_71        
 1961	7	4	0.230817	     0.2	#_72        
 1962	7	4	0.254937	     0.2	#_73        
 1963	7	4	0.166012	     0.2	#_74        
 1964	7	4	0.238233	     0.2	#_75        
 1965	7	4	0.173731	     0.2	#_76        
 1966	7	4	0.247447	     0.2	#_77        
 1967	7	4	0.173881	     0.2	#_78        
 1968	7	4	0.215092	     0.2	#_79        
 1969	7	4	0.157755	     0.2	#_80        
 1970	7	4	0.207274	     0.2	#_81        
 1971	7	4	0.181931	     0.2	#_82        
 1972	7	4	0.220068	     0.2	#_83        
 1973	7	4	0.242248	     0.2	#_84        
 1974	7	4	0.193924	     0.2	#_85        
 1975	7	4	0.206143	     0.2	#_86        
 1976	7	4	0.220462	     0.2	#_87        
 1977	7	4	0.171826	     0.2	#_88        
 1978	7	4	0.225468	     0.2	#_89        
 1979	7	4	0.214356	     0.2	#_90        
 1980	7	4	0.212153	     0.2	#_91        
 1981	7	4	0.187392	     0.2	#_92        
 1982	7	4	0.156066	     0.2	#_93        
 1983	7	4	0.257357	     0.2	#_94        
 1984	7	4	0.220184	     0.2	#_95        
 1985	7	4	0.158618	     0.2	#_96        
 1986	7	4	0.219082	     0.2	#_97        
 1987	7	4	0.176839	     0.2	#_98        
 1988	7	4	0.144187	     0.2	#_99        
 1989	7	4	0.182093	     0.2	#_100       
 1990	7	4	0.186027	     0.2	#_101       
 1991	7	4	0.208401	     0.2	#_102       
 1992	7	4	0.221381	     0.2	#_103       
 1993	7	4	0.185876	     0.2	#_104       
 1994	7	4	0.147327	     0.2	#_105       
 1995	7	4	0.209002	     0.2	#_106       
 1996	7	4	 0.22498	     0.2	#_107       
 1997	7	4	0.129143	     0.2	#_108       
 1998	7	4	0.201745	     0.2	#_109       
 1999	7	4	0.253068	     0.2	#_110       
 2000	7	4	0.169176	     0.2	#_111       
 2001	7	4	0.264614	     0.2	#_112       
 2002	7	4	 0.19634	     0.2	#_113       
 2003	7	4	0.206592	     0.2	#_114       
 2004	7	4	0.259072	     0.2	#_115       
 2005	7	4	0.187636	     0.2	#_116       
 2006	7	4	0.188738	     0.2	#_117       
 2007	7	4	0.213084	     0.2	#_118       
 2008	7	4	0.196337	     0.2	#_119       
 2009	7	4	0.169617	     0.2	#_120       
 2010	7	4	0.178366	     0.2	#_121       
 2011	7	4	0.144309	     0.2	#_122       
 2012	7	4	0.264141	     0.2	#_123       
 2013	7	4	0.140976	     0.2	#_124       
 2014	7	4	0.227741	     0.2	#_125       
 2015	7	4	0.235411	     0.2	#_126       
 2016	7	4	0.197446	     0.2	#_127       
 2017	7	4	0.204067	     0.2	#_128       
 1986	7	5	 1.37459	  0.2867	#_129       
 1987	7	5	0.652655	  0.2748	#_130       
 1988	7	5	0.853349	  0.1925	#_131       
 1989	7	5	0.842522	  0.1934	#_132       
 1990	7	5	0.821366	  0.1798	#_133       
 1991	7	5	 1.02489	  0.1783	#_134       
 1992	7	5	 1.02533	  0.1707	#_135       
 1993	7	5	0.749289	  0.1765	#_136       
 1994	7	5	0.961605	  0.1742	#_137       
 1995	7	5	0.829706	  0.1863	#_138       
 1996	7	5	0.875547	  0.1988	#_139       
 1997	7	5	 1.40907	  0.1964	#_140       
 1998	7	5	0.848097	  0.2188	#_141       
 1999	7	5	 1.28202	  0.2329	#_142       
 2000	7	5	 1.19974	   0.222	#_143       
 2001	7	5	 1.79643	  0.2137	#_144       
 2002	7	5	0.939915	  0.2118	#_145       
 2003	7	5	0.727566	   0.209	#_146       
 2004	7	5	0.956491	   0.204	#_147       
 2005	7	5	 0.92457	  0.2055	#_148       
 2006	7	5	0.708048	   0.221	#_149       
 2007	7	5	0.606249	  0.2315	#_150       
 2008	7	5	0.954268	  0.2009	#_151       
 2009	7	5	0.840367	   0.197	#_152       
 2010	7	5	 1.15866	   0.215	#_153       
 2011	7	5	 1.08855	  0.1938	#_154       
 2012	7	5	 1.31189	  0.1944	#_155       
 2013	7	5	  1.2056	  0.1787	#_156       
 2014	7	5	0.976334	  0.1678	#_157       
 2015	7	5	0.863137	  0.1667	#_158       
 2016	7	5	  1.1158	  0.1586	#_159       
 2017	7	5	0.892674	  0.1488	#_160       
 1986	7	6	 1.10681	  0.2083	#_161       
 1987	7	6	  1.0363	  0.1987	#_162       
 1988	7	6	0.935521	  0.2146	#_163       
 1989	7	6	0.759243	  0.2046	#_164       
 1990	7	6	 0.81344	  0.1904	#_165       
 1991	7	6	0.786095	  0.1948	#_166       
 1992	7	6	 0.78308	  0.1829	#_167       
 1993	7	6	0.818988	   0.171	#_168       
 1994	7	6	0.696153	  0.1669	#_169       
 1995	7	6	 1.20959	  0.1657	#_170       
 1996	7	6	0.824522	  0.1722	#_171       
 1997	7	6	0.909869	  0.1842	#_172       
 1998	7	6	  1.4018	  0.1768	#_173       
 1999	7	6	 1.26345	  0.2036	#_174       
 2000	7	6	0.897382	  0.1975	#_175       
 2001	7	6	0.842441	  0.1901	#_176       
 2002	7	6	 1.22085	  0.1787	#_177       
 2003	7	6	0.925273	   0.177	#_178       
 2004	7	6	   0.853	  0.1741	#_179       
 2005	7	6	 1.08074	  0.1719	#_180       
 2006	7	6	0.968743	  0.1868	#_181       
 2007	7	6	0.928027	  0.1805	#_182       
 2008	7	6	0.940236	   0.285	#_183       
 2009	7	6	0.675112	  0.2194	#_184       
 2010	7	6	 1.24694	  0.2089	#_185       
 2011	7	6	 1.10243	  0.2093	#_186       
 2012	7	6	 1.24548	  0.2191	#_187       
 2013	7	6	 1.22226	  0.2211	#_188       
 2014	7	6	 1.08805	  0.2486	#_189       
 2015	7	6	 1.05398	  0.2178	#_190       
 2016	7	6	0.978482	  0.2273	#_191       
 2017	7	6	 1.35194	  0.2523	#_192       
 1986	7	7	0.868912	0.229322	#_193       
 1987	7	7	0.707204	 0.18555	#_194       
 1990	7	7	 1.07955	 0.25466	#_195       
 1991	7	7	  1.1124	0.220455	#_196       
 1993	7	7	0.913458	0.215298	#_197       
 1994	7	7	0.824864	0.188572	#_198       
 1995	7	7	0.647519	0.203662	#_199       
 1996	7	7	 1.29173	 0.20671	#_200       
 1997	7	7	0.994248	0.185845	#_201       
 1999	7	7	 1.00223	0.204291	#_202       
 2000	7	7	 1.02867	0.207054	#_203       
 2001	7	7	 1.51135	0.196769	#_204       
 2003	7	7	0.918753	0.182395	#_205       
 2006	7	7	0.949381	0.192207	#_206       
 2007	7	7	 1.11442	0.177098	#_207       
 2009	7	7	0.785957	0.186419	#_208       
 2010	7	7	0.976283	0.192591	#_209       
 2011	7	7	 1.24759	0.194557	#_210       
 2012	7	7	0.992289	0.190458	#_211       
 2013	7	7	 1.22674	0.196107	#_212       
 2014	7	7	0.711049	0.194256	#_213       
 2016	7	7	0.944336	0.195724	#_214       
 1993	7	8	0.981049	0.295683	#_215       
 1994	7	8	  1.1726	0.216693	#_216       
 1995	7	8	0.815626	0.507363	#_217       
 1996	7	8	 1.32295	0.291294	#_218       
 1997	7	8	 1.20372	0.196541	#_219       
 2002	7	8	 1.12183	0.223033	#_220       
 2004	7	8	 1.06668	0.213692	#_221       
 2005	7	8	0.931543	0.160119	#_222       
 2006	7	8	 1.56833	 0.32592	#_223       
 2007	7	8	0.877912	0.156685	#_224       
 2008	7	8	 1.29426	0.209761	#_225       
 2009	7	8	0.845996	0.173403	#_226       
 2010	7	8	 1.04665	0.157207	#_227       
 2011	7	8	0.886773	0.111457	#_228       
 2012	7	8	 1.07913	0.133449	#_229       
 2013	7	8	 0.93447	0.141149	#_230       
 2014	7	8	0.866129	 0.11175	#_231       
 2015	7	8	 1.24269	0.132806	#_232       
 2016	7	8	 1.04534	0.117429	#_233       
 2017	7	8	0.841952	0.124566	#_234       
 2009	7	9	 1.57458	0.243001	#_235       
 2010	7	9	 1.49854	0.265449	#_236       
 2011	7	9	0.888791	0.261243	#_237       
 2012	7	9	0.718459	0.207352	#_238       
 2013	7	9	 0.92699	0.253906	#_239       
 2014	7	9	 1.05567	0.260064	#_240       
 2015	7	9	 1.34231	0.226881	#_241       
 2016	7	9	0.865756	0.228247	#_242       
 2017	7	9	0.834747	0.250359	#_243       
-9999	0	0	       0	       0	#_terminator
4 #_N_discard_fleets
#_discard_units (1=same_as_catchunits(bio/num); 2=fraction; 3=numbers)
#_discard_errtype:  >0 for DF of T-dist(read CV below); 0 for normal with CV; -1 for normal with se; -2 for lognormal
#
#_discard_fleet_info
#_Fleet	units	errtype
1	1	-2	#_CM_E   
2	1	-2	#_CM_W   
3	1	-2	#_REC    
4	1	-2	#_SMP_BYC
#
#_discard_data
#_Yr	Seas	Flt	Discard	Std_in
 1993	 7	 1	22.5361	0.3	#_1         
 1994	 7	 1	16.6685	0.3	#_2         
 1995	 7	 1	17.5206	0.3	#_3         
 1996	 7	 1	13.4094	0.3	#_4         
 1997	 7	 1	 21.087	0.3	#_5         
 1998	 7	 1	27.2036	0.3	#_6         
 1999	 7	 1	28.5235	0.3	#_7         
 2000	 7	 1	27.1179	0.3	#_8         
 2001	 7	 1	25.2305	0.3	#_9         
 2002	 7	 1	 12.892	0.3	#_10        
 2003	 7	 1	13.2205	0.3	#_11        
 2004	 7	 1	31.3584	0.3	#_12        
 2005	 7	 1	132.773	0.3	#_13        
 2006	 7	 1	205.653	0.3	#_14        
 2007	 7	 1	 261.27	0.3	#_15        
 2008	 7	 1	96.5626	0.3	#_16        
 2009	 7	 1	60.1683	0.3	#_17        
 2010	 7	 1	104.678	0.3	#_18        
 2011	 7	 1	60.3341	0.3	#_19        
 2012	 7	 1	67.9465	0.3	#_20        
 2013	 7	 1	 118.54	0.3	#_21        
 2014	 7	 1	66.5845	0.3	#_22        
 2015	 7	 1	68.0449	0.3	#_23        
 2016	 7	 1	66.4302	0.3	#_24        
 2017	 7	 1	61.9533	0.3	#_25        
 1993	 7	 2	10.0886	0.3	#_26        
 1994	 7	 2	12.3589	0.3	#_27        
 1995	 7	 2	5.94655	0.3	#_28        
 1996	 7	 2	7.27857	0.3	#_29        
 1997	 7	 2	8.00293	0.3	#_30        
 1998	 7	 2	10.6967	0.3	#_31        
 1999	 7	 2	8.51102	0.3	#_32        
 2000	 7	 2	9.92417	0.3	#_33        
 2001	 7	 2	12.5309	0.3	#_34        
 2002	 7	 2	15.1069	0.3	#_35        
 2003	 7	 2	7.11221	0.3	#_36        
 2004	 7	 2	9.33837	0.3	#_37        
 2005	 7	 2	  109.1	0.3	#_38        
 2006	 7	 2	228.281	0.3	#_39        
 2007	 7	 2	133.377	0.3	#_40        
 2008	 7	 2	39.0169	0.3	#_41        
 2009	 7	 2	51.8709	0.3	#_42        
 2010	 7	 2	 52.067	0.3	#_43        
 2011	 7	 2	94.2515	0.3	#_44        
 2012	 7	 2	51.7749	0.3	#_45        
 2013	 7	 2	49.6177	0.3	#_46        
 2014	 7	 2	57.8167	0.3	#_47        
 2015	 7	 2	36.6063	0.3	#_48        
 2016	 7	 2	38.7513	0.3	#_49        
 2017	 7	 2	40.5505	0.3	#_50        
 1982	 7	 3	7.10529	0.3	#_51        
 1983	 7	 3	11.8697	0.3	#_52        
 1984	 7	 3	10.8351	0.3	#_53        
 1985	 7	 3	7.15586	0.3	#_54        
 1986	 7	 3	7.97495	0.3	#_55        
 1987	 7	 3	12.4972	0.3	#_56        
 1988	 7	 3	11.0955	0.3	#_57        
 1989	 7	 3	 11.515	0.3	#_58        
 1990	 7	 3	261.363	0.3	#_59        
 1991	 7	 3	444.766	0.3	#_60        
 1992	 7	 3	385.649	0.3	#_61        
 1993	 7	 3	242.921	0.3	#_62        
 1994	 7	 3	198.131	0.3	#_63        
 1995	 7	 3	254.321	0.3	#_64        
 1996	 7	 3	288.019	0.3	#_65        
 1997	 7	 3	400.543	0.3	#_66        
 1998	 7	 3	474.652	0.3	#_67        
 1999	 7	 3	400.462	0.3	#_68        
 2000	 7	 3	859.724	0.3	#_69        
 2001	 7	 3	647.878	0.3	#_70        
 2002	 7	 3	439.316	0.3	#_71        
 2003	 7	 3	1016.42	0.3	#_72        
 2004	 7	 3	563.374	0.3	#_73        
 2005	 7	 3	1389.47	0.3	#_74        
 2006	 7	 3	778.751	0.3	#_75        
 2007	 7	 3	1296.71	0.3	#_76        
 2008	 7	 3	555.671	0.3	#_77        
 2009	 7	 3	456.242	0.3	#_78        
 2010	 7	 3	318.581	0.3	#_79        
 2011	 7	 3	632.139	0.3	#_80        
 2012	 7	 3	745.921	0.3	#_81        
 2013	 7	 3	627.242	0.3	#_82        
 2014	 7	 3	617.964	0.3	#_83        
 2015	 7	 3	390.712	0.3	#_84        
 2016	 7	 3	531.136	0.3	#_85        
 2017	 7	 3	480.272	0.3	#_86        
 1972	-7	 4	1022.17	0.1	#_87        
 1973	 7	-4	 1013.6	0.5	#_88        
 1974	 7	-4	 1013.6	0.5	#_89        
 1975	 7	-4	 1013.6	0.5	#_90        
 1976	 7	-4	 1013.6	0.5	#_91        
 1977	 7	-4	 1013.6	0.5	#_92        
 1978	 7	-4	 1013.6	0.5	#_93        
 1979	 7	-4	 1013.6	0.5	#_94        
 1980	 7	-4	 1013.6	0.5	#_95        
 1981	 7	-4	 1013.6	0.5	#_96        
 1982	 7	-4	 1013.6	0.5	#_97        
 1983	 7	-4	 1013.6	0.5	#_98        
 1984	 7	-4	 1013.6	0.5	#_99        
 1985	 7	-4	 1013.6	0.5	#_100       
 1986	 7	-4	 1013.6	0.5	#_101       
 1987	 7	-4	 1013.6	0.5	#_102       
 1988	 7	-4	 1013.6	0.5	#_103       
 1989	 7	-4	 1013.6	0.5	#_104       
 1990	 7	-4	 1013.6	0.5	#_105       
 1991	 7	-4	 1013.6	0.5	#_106       
 1992	 7	-4	 1013.6	0.5	#_107       
 1993	 7	-4	 1013.6	0.5	#_108       
 1994	 7	-4	 1013.6	0.5	#_109       
 1995	 7	-4	 1013.6	0.5	#_110       
 1996	 7	-4	 1013.6	0.5	#_111       
 1997	 7	-4	 1013.6	0.5	#_112       
 1998	 7	-4	 1013.6	0.5	#_113       
 1999	 7	-4	 1013.6	0.5	#_114       
 2000	 7	-4	 1013.6	0.5	#_115       
 2001	 7	-4	 1013.6	0.5	#_116       
 2002	 7	-4	 1013.6	0.5	#_117       
 2003	 7	-4	 1013.6	0.5	#_118       
 2004	 7	-4	 1013.6	0.5	#_119       
 2005	 7	-4	 1013.6	0.5	#_120       
 2006	 7	-4	 1013.6	0.5	#_121       
 2007	 7	-4	 1013.6	0.5	#_122       
 2008	 7	-4	 1013.6	0.5	#_123       
 2009	 7	-4	 1013.6	0.5	#_124       
 2010	 7	-4	 1013.6	0.5	#_125       
 2011	 7	-4	 1013.6	0.5	#_126       
 2012	 7	-4	 1013.6	0.5	#_127       
 2013	 7	-4	 1013.6	0.5	#_128       
 2014	 7	-4	 1013.6	0.5	#_129       
 2015	 7	-4	 1013.6	0.5	#_130       
 2016	 7	-4	 1013.6	0.5	#_131       
 2017	-7	-4	 1013.6	0.5	#_132       
-9999	 0	 0	      0	  0	#_terminator
#
#_meanbodywt
0 #_use_meanbodywt
 #_DF_for_meanbodywt_T-distribution_like
#
#_population_length_bins
1 # length bin method: 1=use databins; 2=generate from binwidth,min,max below; 3=read vector
1 #_use_lencomp
#
#_len_info
#_mintailcomp	addtocomp	combine_M_F	CompressBins	CompError	ParmSelect	minsamplesize
1e-04	1e-07	0	0	0	0	1	#_CM_E   
1e-04	1e-07	0	0	0	0	1	#_CM_W   
1e-04	1e-07	0	0	0	0	1	#_REC    
1e-04	1e-07	0	0	0	0	1	#_SMP_BYC
1e-04	1e-07	0	0	0	0	1	#_HB_E   
1e-04	1e-07	0	0	0	0	1	#_HB_W   
1e-04	1e-07	0	0	0	0	1	#_LARVAL 
1e-04	1e-07	0	0	0	0	1	#_VIDEO  
1e-04	1e-07	0	0	0	0	1	#_SEAMAP 
12 #_N_lbins
#_lbin_vector
1 5 10 15 20 25 30 35 40 45 50 55 #_lbin_vector
#
#_lencomp
#_Yr	Seas	FltSvy	Gender	Part	Nsamp	l1	l5	l10	l15	l20	l25	l30	l35	l40	l45	l50	l55
 2002	7	8	0	0	 17	0	0	 2	 1	 7	 2	 3	1	1	0	0	0	#_1         
 2004	7	8	0	0	  6	0	0	 0	 2	 0	 1	 1	2	0	0	0	0	#_2         
 2005	7	8	0	0	 38	0	0	 5	 5	 9	 7	 6	4	1	1	0	0	#_3         
 2006	7	8	0	0	 18	0	0	 0	 4	 5	 4	 2	3	0	0	0	0	#_4         
 2007	7	8	0	0	 11	0	0	 1	 0	 5	 1	 1	2	1	0	0	0	#_5         
 2008	7	8	0	0	  8	0	0	 0	 2	 3	 1	 2	0	0	0	0	0	#_6         
 2009	7	8	0	0	 25	0	0	 0	 8	 8	 4	 2	2	1	0	0	0	#_7         
 2010	7	8	0	0	 32	0	0	 5	 5	 8	 7	 3	1	3	0	0	0	#_8         
 2011	7	8	0	0	 47	0	0	 3	 8	13	11	 6	4	1	0	1	0	#_9         
 2012	7	8	0	0	 39	0	1	 1	 4	 7	12	 9	4	1	0	0	0	#_10        
 2013	7	8	0	0	100	0	0	10	16	20	31	15	8	0	0	0	0	#_11        
 2014	7	8	0	0	100	0	0	 9	17	31	17	11	8	7	0	0	0	#_12        
 2015	7	8	0	0	 74	0	1	 4	12	24	23	 6	3	1	0	0	0	#_13        
 2016	7	8	0	0	 32	0	1	 3	 7	12	 2	 7	0	0	0	0	0	#_14        
 2017	7	8	0	0	100	0	0	11	17	21	30	 9	6	4	2	0	0	#_15        
 2009	7	9	0	0	 35	0	1	 5	19	 8	 2	 0	0	0	0	0	0	#_16        
 2010	7	9	0	0	100	0	3	21	47	22	 7	 0	0	0	0	0	0	#_17        
 2011	7	9	0	0	 17	0	0	 3	 5	 8	 1	 0	0	0	0	0	0	#_18        
 2012	7	9	0	0	 11	0	1	 2	 4	 3	 1	 0	0	0	0	0	0	#_19        
 2013	7	9	0	0	 37	0	1	 6	12	16	 2	 0	0	0	0	0	0	#_20        
 2014	7	9	0	0	 69	1	4	11	31	20	 2	 0	0	0	0	0	0	#_21        
 2015	7	9	0	0	 37	0	5	 8	 9	15	 0	 0	0	0	0	0	0	#_22        
 2016	7	9	0	0	 38	0	0	 8	17	13	 0	 0	0	0	0	0	0	#_23        
 2017	7	9	0	0	100	0	5	12	49	28	 6	 0	0	0	0	0	0	#_24        
-9999	0	0	0	0	  0	0	0	 0	 0	 0	 0	 0	0	0	0	0	0	#_terminator
14 #_N_agebins
#
#_agebin_vector
1 2 3 4 5 6 7 8 9 10 11 12 13 14 #_agebin_vector
#
#_ageing_error
1 #_N_ageerror_definitions
#_age0	age1	age2	age3	age4	age5	age6	age7	age8	age9	age10	age11	age12	age13	age14
  0.5	  1.5	  2.5	  3.5	  4.5	  5.5	  6.5	  7.5	  8.5	  9.5	 10.5	 11.5	 12.5	 13.5	 14.5	#_1
0.001	0.001	0.001	0.001	0.001	0.001	0.001	0.001	0.001	0.001	0.001	0.001	0.001	0.001	0.001	#_2
#
#_age_info
#_mintailcomp	addtocomp	combine_M_F	CompressBins	CompError	ParmSelect	minsamplesize
1e-04	1e-07	0	0	0	0	1	#_CM_E   
1e-04	1e-07	0	0	0	0	1	#_CM_W   
1e-04	1e-07	0	0	0	0	1	#_REC    
1e-04	1e-07	0	0	0	0	1	#_SMP_BYC
1e-04	1e-07	0	0	0	0	1	#_HB_E   
1e-04	1e-07	0	0	0	0	1	#_HB_W   
1e-04	1e-07	0	0	0	0	1	#_LARVAL 
1e-04	1e-07	0	0	0	0	1	#_VIDEO  
1e-04	1e-07	0	0	0	0	1	#_SEAMAP 
2 #_Lbin_method: 1=poplenbins; 2=datalenbins; 3=lengths
 #_combine males into females at or below this bin number
#_Yr	Seas	FltSvy	Gender	Part	Ageerr	Lbin_lo	Lbin_hi	Nsamp	a1	a2	a3	a4	a5	a6	a7	a8	a9	a10	a11	a12	a13	a14
 1995	7	1	0	2	1	-1	-1	  3	0	 0	 0	 0	 3	 0	 0	 0	 0	0	0	0	0	 0	#_1         
 1998	7	1	0	2	1	-1	-1	  6	0	 1	 1	 0	 1	 2	 1	 0	 0	0	0	0	0	 0	#_2         
 2000	7	1	0	2	1	-1	-1	  8	0	 1	 1	 1	 0	 1	 2	 0	 1	0	0	1	0	 0	#_3         
 2001	7	1	0	2	1	-1	-1	 23	0	 4	 9	 3	 1	 1	 2	 1	 0	0	0	0	0	 2	#_4         
 2002	7	1	0	2	1	-1	-1	100	1	 6	28	28	12	11	 3	 2	 1	2	1	1	1	 3	#_5         
 2003	7	1	0	2	1	-1	-1	 23	0	 3	 5	 7	 3	 1	 0	 1	 1	2	0	0	0	 0	#_6         
 2004	7	1	0	2	1	-1	-1	 33	0	 1	12	 3	 3	 6	 2	 2	 2	0	0	0	0	 2	#_7         
 2005	7	1	0	2	1	-1	-1	100	0	 3	11	28	13	 9	12	 7	 1	1	4	3	1	 7	#_8         
 2006	7	1	0	2	1	-1	-1	 59	0	 1	 4	 8	21	 0	10	 5	 3	2	1	1	0	 3	#_9         
 2007	7	1	0	2	1	-1	-1	 54	0	 2	12	 4	 6	12	 3	 1	 4	4	2	2	1	 1	#_10        
 2008	7	1	0	2	1	-1	-1	100	0	 8	21	15	13	 8	10	 7	 7	5	1	1	1	 3	#_11        
 2009	7	1	0	2	1	-1	-1	100	0	 8	28	 6	11	 2	10	10	 4	2	6	2	3	 8	#_12        
 2010	7	1	0	2	1	-1	-1	 32	0	 2	 9	 8	 3	 1	 1	 0	 2	0	1	1	2	 2	#_13        
 2011	7	1	0	2	1	-1	-1	 87	0	 9	14	20	20	 5	 6	 2	 1	2	1	2	2	 3	#_14        
 2012	7	1	0	2	1	-1	-1	 99	0	 9	14	20	13	14	 6	 7	 1	5	2	1	2	 5	#_15        
 2013	7	1	0	2	1	-1	-1	 55	0	 4	22	 8	12	 2	 4	 0	 2	0	0	0	0	 1	#_16        
 2014	7	1	0	2	1	-1	-1	 79	0	 5	 8	17	 9	 8	10	 9	 1	6	0	2	2	 2	#_17        
 2015	7	1	0	2	1	-1	-1	100	0	 3	24	11	23	 7	 4	10	 6	4	0	3	1	 4	#_18        
 2016	7	1	0	2	1	-1	-1	100	0	 7	13	25	10	13	 7	 6	 6	5	0	0	0	 8	#_19        
 2017	7	1	0	2	1	-1	-1	100	0	13	18	14	16	 4	10	 5	 4	3	5	0	0	 8	#_20        
 1994	7	2	0	2	1	-1	-1	  8	0	 0	 2	 2	 0	 2	 0	 1	 0	0	0	0	0	 1	#_21        
 1995	7	2	0	2	1	-1	-1	  7	0	 0	 0	 0	 1	 2	 2	 0	 0	2	0	0	0	 0	#_22        
 2000	7	2	0	2	1	-1	-1	 64	0	 0	10	10	13	12	 4	 6	 3	0	1	2	0	 3	#_23        
 2001	7	2	0	2	1	-1	-1	 48	0	 4	 8	 8	 7	 6	 5	 2	 2	1	0	0	3	 2	#_24        
 2002	7	2	0	2	1	-1	-1	 34	0	 0	 8	 3	 5	 7	 2	 1	 1	2	0	1	2	 2	#_25        
 2003	7	2	0	2	1	-1	-1	 30	0	 1	 3	 6	 7	 4	 4	 0	 0	2	0	1	1	 1	#_26        
 2004	7	2	0	2	1	-1	-1	100	0	 2	10	12	14	18	11	 5	 5	8	3	4	3	 5	#_27        
 2005	7	2	0	2	1	-1	-1	 21	0	 0	 0	 3	 1	 4	 2	 3	 2	1	3	0	0	 2	#_28        
 2006	7	2	0	2	1	-1	-1	 16	0	 0	 1	 2	 0	 2	 1	 3	 3	2	1	0	0	 1	#_29        
 2007	7	2	0	2	1	-1	-1	100	0	 0	 5	 8	14	16	10	10	11	8	5	1	1	11	#_30        
 2008	7	2	0	2	1	-1	-1	100	0	 5	 5	12	10	17	15	13	 5	8	2	3	0	 5	#_31        
 2009	7	2	0	2	1	-1	-1	100	0	 5	13	 9	14	11	12	12	 5	7	3	3	1	 5	#_32        
 2010	7	2	0	2	1	-1	-1	 59	0	 4	 6	15	 6	 6	 1	 2	 9	3	2	2	0	 3	#_33        
 2011	7	2	0	2	1	-1	-1	100	0	 1	 7	15	25	13	 7	 4	 5	7	6	4	1	 5	#_34        
 2012	7	2	0	2	1	-1	-1	 89	0	 2	 6	15	15	21	 8	 6	 2	1	8	1	1	 3	#_35        
 2013	7	2	0	2	1	-1	-1	 48	0	 0	 2	 9	 3	 8	12	 2	 4	1	3	1	0	 3	#_36        
 2014	7	2	0	2	1	-1	-1	 47	0	 2	 0	 7	 3	11	11	 7	 2	1	2	1	0	 0	#_37        
 2015	7	2	0	2	1	-1	-1	 23	0	 0	 4	 2	 3	 2	 5	 2	 2	0	2	0	0	 1	#_38        
 2016	7	2	0	2	1	-1	-1	 82	0	 2	 9	 8	 9	13	 7	 8	 9	5	2	0	2	 8	#_39        
 2017	7	2	0	2	1	-1	-1	 89	0	 0	12	 8	15	 4	17	 5	 8	7	4	0	2	 7	#_40        
 1994	7	3	0	2	1	-1	-1	 13	0	 0	 3	 4	 0	 2	 2	 2	 0	0	0	0	0	 0	#_41        
 1995	7	3	0	2	1	-1	-1	  6	0	 0	 3	 0	 2	 1	 0	 0	 0	0	0	0	0	 0	#_42        
 1996	7	3	0	2	1	-1	-1	 77	0	 8	21	19	14	 6	 3	 4	 1	0	0	1	0	 0	#_43        
 1997	7	3	0	2	1	-1	-1	 15	0	 0	 7	 1	 6	 0	 1	 0	 0	0	0	0	0	 0	#_44        
 1998	7	3	0	2	1	-1	-1	 13	0	 1	 3	 5	 0	 1	 2	 1	 0	0	0	0	0	 0	#_45        
 1999	7	3	0	2	1	-1	-1	 25	0	 7	 9	 1	 4	 1	 1	 0	 2	0	0	0	0	 0	#_46        
 2000	7	3	0	2	1	-1	-1	 61	0	10	19	10	 8	 6	 4	 2	 1	0	0	0	0	 1	#_47        
 2001	7	3	0	2	1	-1	-1	  7	0	 0	 0	 2	 1	 2	 1	 0	 0	1	0	0	0	 0	#_48        
 2002	7	3	0	2	1	-1	-1	 15	0	 1	 2	 4	 6	 1	 0	 1	 0	0	0	0	0	 0	#_49        
 2003	7	3	0	2	1	-1	-1	 19	0	 3	 2	 5	 4	 1	 0	 0	 2	2	0	0	0	 0	#_50        
 2004	7	3	0	2	1	-1	-1	  4	0	 0	 3	 1	 0	 0	 0	 0	 0	0	0	0	0	 0	#_51        
 2005	7	3	0	2	1	-1	-1	 54	0	 2	 8	17	 7	 8	 6	 2	 3	0	1	0	0	 0	#_52        
 2006	7	3	0	2	1	-1	-1	 93	0	 3	10	19	23	12	 9	 5	 6	6	0	0	0	 0	#_53        
 2007	7	3	0	2	1	-1	-1	100	0	 0	23	13	20	17	 9	 9	 7	1	1	0	0	 0	#_54        
 2008	7	3	0	2	1	-1	-1	 42	0	 3	 3	15	 4	 6	 7	 2	 0	0	0	0	1	 1	#_55        
 2009	7	3	0	2	1	-1	-1	100	1	12	40	10	21	 4	 5	 6	 0	0	0	0	1	 0	#_56        
 2010	7	3	0	2	1	-1	-1	 20	0	 2	 6	 7	 0	 1	 0	 0	 2	1	0	0	0	 1	#_57        
 2011	7	3	0	2	1	-1	-1	 78	0	 8	16	18	23	 2	 6	 3	 2	0	0	0	0	 0	#_58        
 2012	7	3	0	2	1	-1	-1	100	0	11	20	19	20	17	 2	 7	 1	1	2	0	0	 0	#_59        
 2013	7	3	0	2	1	-1	-1	100	0	 5	33	13	20	 8	12	 4	 4	0	0	0	1	 0	#_60        
 2014	7	3	0	2	1	-1	-1	100	0	11	11	32	17	13	 8	 5	 0	0	0	2	0	 1	#_61        
 2015	7	3	0	2	1	-1	-1	 46	0	 3	 6	10	16	 3	 1	 2	 2	0	1	0	1	 1	#_62        
 2016	7	3	0	2	1	-1	-1	100	1	 2	19	25	10	21	 5	 7	 3	2	1	0	0	 4	#_63        
 2017	7	3	0	2	1	-1	-1	100	0	15	18	21	22	 5	12	 1	 4	0	0	0	1	 1	#_64        
-9999	0	0	0	0	0	 0	 0	  0	0	 0	 0	 0	 0	 0	 0	 0	 0	0	0	0	0	 0	#_terminator
#
#_MeanSize_at_Age_obs
0 #_use_MeanSize_at_Age_obs
0 #_N_environ_variables
0 #_N_sizefreq_methods
0 #_do_tags
0 #_morphcomp_data
0 #_use_selectivity_priors
#
999
