#V3.30
#C data file created using the SS_writedat function in the R package r4ss
#C should work with SS version:
#C file write time: 2020-01-23 16:14:32
#
1950 #_styr
2017 #_endyr
1 #_nseas
12 #_months_per_seas
2 #_Nsubseasons
1 #_spawn_month
1 #_Nsexes
14 #_Nages
1 #_N_areas
9 #_Nfleets
#_fleetinfo
#_type	surveytiming	area	units	need_catch_mult	fleetname
1	-1	1	1	0	CM_E   	#_1
1	-1	1	1	0	CM_W   	#_2
1	-1	1	2	0	REC    	#_3
2	-1	1	2	0	SMP_BYC	#_4
3	 1	1	1	0	HB_E   	#_5
3	 1	1	1	0	HB_W   	#_6
3	 1	1	1	0	LARVAL 	#_7
3	 1	1	1	0	VIDEO  	#_8
3	 1	1	1	0	SEAMAP 	#_9
#Bycatch_fleet_input
#_fleetindex	includeinMSY	Fmult	F_or_first_year	F_or_last_year	unused
4	1	3	2011	2014	999	#_4
#_Catch data
#_year	season	fleet	catch	catch_se
 -999	1	1	      0	0.01	#_1         
 1950	1	1	1368.59	0.05	#_2         
 1951	1	1	1247.87	0.05	#_3         
 1952	1	1	1187.55	0.05	#_4         
 1953	1	1	988.509	0.05	#_5         
 1954	1	1	1042.03	0.05	#_6         
 1955	1	1	975.497	0.05	#_7         
 1956	1	1	820.475	0.05	#_8         
 1957	1	1	802.741	0.05	#_9         
 1958	1	1	780.217	0.05	#_10        
 1959	1	1	881.703	0.05	#_11        
 1960	1	1	755.294	0.05	#_12        
 1961	1	1	804.142	0.05	#_13        
 1962	1	1	744.653	0.05	#_14        
 1963	1	1	823.274	0.05	#_15        
 1964	1	1	688.981	0.05	#_16        
 1965	1	1	727.685	0.05	#_17        
 1966	1	1	750.692	0.05	#_18        
 1967	1	1	675.415	0.05	#_19        
 1968	1	1	725.796	0.05	#_20        
 1969	1	1	757.066	0.05	#_21        
 1970	1	1	749.855	0.05	#_22        
 1971	1	1	677.451	0.05	#_23        
 1972	1	1	749.753	0.05	#_24        
 1973	1	1	760.835	0.05	#_25        
 1974	1	1	679.718	0.05	#_26        
 1975	1	1	698.056	0.05	#_27        
 1976	1	1	687.991	0.05	#_28        
 1977	1	1	711.823	0.05	#_29        
 1978	1	1	624.146	0.05	#_30        
 1979	1	1	669.369	0.05	#_31        
 1980	1	1	768.417	0.05	#_32        
 1981	1	1	743.554	0.05	#_33        
 1982	1	1	721.642	0.05	#_34        
 1983	1	1	692.936	0.05	#_35        
 1984	1	1	730.076	0.05	#_36        
 1985	1	1	781.301	0.05	#_37        
 1986	1	1	699.823	0.05	#_38        
 1987	1	1	793.687	0.05	#_39        
 1988	1	1	708.693	0.05	#_40        
 1989	1	1	659.862	0.05	#_41        
 1990	1	1	742.931	0.05	#_42        
 1991	1	1	684.463	0.05	#_43        
 1992	1	1	754.877	0.05	#_44        
 1993	1	1	693.442	0.05	#_45        
 1994	1	1	 751.91	0.05	#_46        
 1995	1	1	714.117	0.05	#_47        
 1996	1	1	695.464	0.05	#_48        
 1997	1	1	736.563	0.05	#_49        
 1998	1	1	718.513	0.05	#_50        
 1999	1	1	635.808	0.05	#_51        
 2000	1	1	636.605	0.05	#_52        
 2001	1	1	734.049	0.05	#_53        
 2002	1	1	 679.21	0.05	#_54        
 2003	1	1	 727.14	0.05	#_55        
 2004	1	1	717.763	0.05	#_56        
 2005	1	1	549.348	0.05	#_57        
 2006	1	1	552.578	0.05	#_58        
 2007	1	1	576.701	0.05	#_59        
 2008	1	1	729.435	0.05	#_60        
 2009	1	1	638.575	0.05	#_61        
 2010	1	1	 621.58	0.05	#_62        
 2011	1	1	657.121	0.05	#_63        
 2012	1	1	736.934	0.05	#_64        
 2013	1	1	660.926	0.05	#_65        
 2014	1	1	600.963	0.05	#_66        
 2015	1	1	640.032	0.05	#_67        
 2016	1	1	683.741	0.05	#_68        
 2017	1	1	751.402	0.05	#_69        
 -999	1	2	      0	0.01	#_70        
 1950	1	2	1146.83	0.05	#_71        
 1951	1	2	906.811	0.05	#_72        
 1952	1	2	891.146	0.05	#_73        
 1953	1	2	 806.31	0.05	#_74        
 1954	1	2	746.637	0.05	#_75        
 1955	1	2	751.894	0.05	#_76        
 1956	1	2	599.842	0.05	#_77        
 1957	1	2	621.995	0.05	#_78        
 1958	1	2	602.595	0.05	#_79        
 1959	1	2	664.821	0.05	#_80        
 1960	1	2	566.238	0.05	#_81        
 1961	1	2	568.213	0.05	#_82        
 1962	1	2	534.811	0.05	#_83        
 1963	1	2	532.367	0.05	#_84        
 1964	1	2	497.185	0.05	#_85        
 1965	1	2	526.826	0.05	#_86        
 1966	1	2	519.004	0.05	#_87        
 1967	1	2	523.726	0.05	#_88        
 1968	1	2	538.403	0.05	#_89        
 1969	1	2	496.283	0.05	#_90        
 1970	1	2	465.184	0.05	#_91        
 1971	1	2	556.804	0.05	#_92        
 1972	1	2	511.937	0.05	#_93        
 1973	1	2	540.618	0.05	#_94        
 1974	1	2	497.425	0.05	#_95        
 1975	1	2	556.052	0.05	#_96        
 1976	1	2	 569.02	0.05	#_97        
 1977	1	2	505.907	0.05	#_98        
 1978	1	2	541.455	0.05	#_99        
 1979	1	2	527.106	0.05	#_100       
 1980	1	2	533.499	0.05	#_101       
 1981	1	2	 512.17	0.05	#_102       
 1982	1	2	502.392	0.05	#_103       
 1983	1	2	487.899	0.05	#_104       
 1984	1	2	500.086	0.05	#_105       
 1985	1	2	482.973	0.05	#_106       
 1986	1	2	529.307	0.05	#_107       
 1987	1	2	487.608	0.05	#_108       
 1988	1	2	571.369	0.05	#_109       
 1989	1	2	513.662	0.05	#_110       
 1990	1	2	519.462	0.05	#_111       
 1991	1	2	507.165	0.05	#_112       
 1992	1	2	520.936	0.05	#_113       
 1993	1	2	484.608	0.05	#_114       
 1994	1	2	 573.07	0.05	#_115       
 1995	1	2	494.396	0.05	#_116       
 1996	1	2	 487.79	0.05	#_117       
 1997	1	2	536.927	0.05	#_118       
 1998	1	2	494.548	0.05	#_119       
 1999	1	2	494.317	0.05	#_120       
 2000	1	2	446.576	0.05	#_121       
 2001	1	2	 507.98	0.05	#_122       
 2002	1	2	524.467	0.05	#_123       
 2003	1	2	512.222	0.05	#_124       
 2004	1	2	521.646	0.05	#_125       
 2005	1	2	433.539	0.05	#_126       
 2006	1	2	480.042	0.05	#_127       
 2007	1	2	  485.8	0.05	#_128       
 2008	1	2	543.228	0.05	#_129       
 2009	1	2	520.316	0.05	#_130       
 2010	1	2	487.277	0.05	#_131       
 2011	1	2	501.123	0.05	#_132       
 2012	1	2	527.299	0.05	#_133       
 2013	1	2	507.318	0.05	#_134       
 2014	1	2	466.187	0.05	#_135       
 2015	1	2	479.698	0.05	#_136       
 2016	1	2	542.166	0.05	#_137       
 2017	1	2	531.824	0.05	#_138       
 -999	1	3	      0	0.01	#_139       
 1950	1	3	 2173.2	0.15	#_140       
 1951	1	3	1846.01	0.15	#_141       
 1952	1	3	1556.67	0.15	#_142       
 1953	1	3	1469.36	0.15	#_143       
 1954	1	3	1353.35	0.15	#_144       
 1955	1	3	1380.61	0.15	#_145       
 1956	1	3	1213.13	0.15	#_146       
 1957	1	3	1404.88	0.15	#_147       
 1958	1	3	1295.07	0.15	#_148       
 1959	1	3	1424.17	0.15	#_149       
 1960	1	3	 1223.6	0.15	#_150       
 1961	1	3	1546.71	0.15	#_151       
 1962	1	3	1188.93	0.15	#_152       
 1963	1	3	1466.59	0.15	#_153       
 1964	1	3	1251.67	0.15	#_154       
 1965	1	3	 1399.3	0.15	#_155       
 1966	1	3	1068.95	0.15	#_156       
 1967	1	3	1243.31	0.15	#_157       
 1968	1	3	988.081	0.15	#_158       
 1969	1	3	1253.11	0.15	#_159       
 1970	1	3	1395.31	0.15	#_160       
 1971	1	3	942.387	0.15	#_161       
 1972	1	3	1377.24	0.15	#_162       
 1973	1	3	1391.31	0.15	#_163       
 1974	1	3	1588.92	0.15	#_164       
 1975	1	3	1372.93	0.15	#_165       
 1976	1	3	1620.76	0.15	#_166       
 1977	1	3	1089.75	0.15	#_167       
 1978	1	3	1233.28	0.15	#_168       
 1979	1	3	1445.09	0.15	#_169       
 1980	1	3	1250.26	0.15	#_170       
 1981	1	3	1279.84	0.15	#_171       
 1982	1	3	1282.51	0.15	#_172       
 1983	1	3	1203.55	0.15	#_173       
 1984	1	3	1558.43	0.15	#_174       
 1985	1	3	 1619.2	0.15	#_175       
 1986	1	3	1192.63	0.15	#_176       
 1987	1	3	1179.21	0.15	#_177       
 1988	1	3	1311.26	0.15	#_178       
 1989	1	3	1623.39	0.15	#_179       
 1990	1	3	1420.09	0.15	#_180       
 1991	1	3	964.233	0.15	#_181       
 1992	1	3	911.906	0.15	#_182       
 1993	1	3	1088.18	0.15	#_183       
 1994	1	3	958.311	0.15	#_184       
 1995	1	3	 1261.8	0.15	#_185       
 1996	1	3	759.381	0.15	#_186       
 1997	1	3	1025.56	0.15	#_187       
 1998	1	3	1287.36	0.15	#_188       
 1999	1	3	 774.14	0.15	#_189       
 2000	1	3	735.847	0.15	#_190       
 2001	1	3	788.949	0.15	#_191       
 2002	1	3	740.561	0.15	#_192       
 2003	1	3	673.069	0.15	#_193       
 2004	1	3	706.433	0.15	#_194       
 2005	1	3	545.651	0.15	#_195       
 2006	1	3	476.462	0.15	#_196       
 2007	1	3	620.142	0.15	#_197       
 2008	1	3	729.375	0.15	#_198       
 2009	1	3	1046.93	0.15	#_199       
 2010	1	3	 798.39	0.15	#_200       
 2011	1	3	910.205	0.15	#_201       
 2012	1	3	785.394	0.15	#_202       
 2013	1	3	733.549	0.15	#_203       
 2014	1	3	900.309	0.15	#_204       
 2015	1	3	790.698	0.15	#_205       
 2016	1	3	984.118	0.15	#_206       
 2017	1	3	1105.56	0.15	#_207       
 -999	1	4	      0	0.01	#_208       
 1950	1	4	    0.1	 0.1	#_209       
 1951	1	4	    0.1	 0.1	#_210       
 1952	1	4	    0.1	 0.1	#_211       
 1953	1	4	    0.1	 0.1	#_212       
 1954	1	4	    0.1	 0.1	#_213       
 1955	1	4	    0.1	 0.1	#_214       
 1956	1	4	    0.1	 0.1	#_215       
 1957	1	4	    0.1	 0.1	#_216       
 1958	1	4	    0.1	 0.1	#_217       
 1959	1	4	    0.1	 0.1	#_218       
 1960	1	4	    0.1	 0.1	#_219       
 1961	1	4	    0.1	 0.1	#_220       
 1962	1	4	    0.1	 0.1	#_221       
 1963	1	4	    0.1	 0.1	#_222       
 1964	1	4	    0.1	 0.1	#_223       
 1965	1	4	    0.1	 0.1	#_224       
 1966	1	4	    0.1	 0.1	#_225       
 1967	1	4	    0.1	 0.1	#_226       
 1968	1	4	    0.1	 0.1	#_227       
 1969	1	4	    0.1	 0.1	#_228       
 1970	1	4	    0.1	 0.1	#_229       
 1971	1	4	    0.1	 0.1	#_230       
 1972	1	4	    0.1	 0.1	#_231       
 1973	1	4	    0.1	 0.1	#_232       
 1974	1	4	    0.1	 0.1	#_233       
 1975	1	4	    0.1	 0.1	#_234       
 1976	1	4	    0.1	 0.1	#_235       
 1977	1	4	    0.1	 0.1	#_236       
 1978	1	4	    0.1	 0.1	#_237       
 1979	1	4	    0.1	 0.1	#_238       
 1980	1	4	    0.1	 0.1	#_239       
 1981	1	4	    0.1	 0.1	#_240       
 1982	1	4	    0.1	 0.1	#_241       
 1983	1	4	    0.1	 0.1	#_242       
 1984	1	4	    0.1	 0.1	#_243       
 1985	1	4	    0.1	 0.1	#_244       
 1986	1	4	    0.1	 0.1	#_245       
 1987	1	4	    0.1	 0.1	#_246       
 1988	1	4	    0.1	 0.1	#_247       
 1989	1	4	    0.1	 0.1	#_248       
 1990	1	4	    0.1	 0.1	#_249       
 1991	1	4	    0.1	 0.1	#_250       
 1992	1	4	    0.1	 0.1	#_251       
 1993	1	4	    0.1	 0.1	#_252       
 1994	1	4	    0.1	 0.1	#_253       
 1995	1	4	    0.1	 0.1	#_254       
 1996	1	4	    0.1	 0.1	#_255       
 1997	1	4	    0.1	 0.1	#_256       
 1998	1	4	    0.1	 0.1	#_257       
 1999	1	4	    0.1	 0.1	#_258       
 2000	1	4	    0.1	 0.1	#_259       
 2001	1	4	    0.1	 0.1	#_260       
 2002	1	4	    0.1	 0.1	#_261       
 2003	1	4	    0.1	 0.1	#_262       
 2004	1	4	    0.1	 0.1	#_263       
 2005	1	4	    0.1	 0.1	#_264       
 2006	1	4	    0.1	 0.1	#_265       
 2007	1	4	    0.1	 0.1	#_266       
 2008	1	4	    0.1	 0.1	#_267       
 2009	1	4	    0.1	 0.1	#_268       
 2010	1	4	    0.1	 0.1	#_269       
 2011	1	4	    0.1	 0.1	#_270       
 2012	1	4	    0.1	 0.1	#_271       
 2013	1	4	    0.1	 0.1	#_272       
 2014	1	4	    0.1	 0.1	#_273       
 2015	1	4	    0.1	 0.1	#_274       
 2016	1	4	    0.1	 0.1	#_275       
 2017	1	4	    0.1	 0.1	#_276       
-9999	0	0	      0	   0	#_terminator
#_CPUE_and_surveyabundance_observations
#_Units:  0=numbers; 1=biomass; 2=F; >=30 for special types
#_Errtype:  -1=normal; 0=lognormal; >0=T
#_SD_Report: 0=no sdreport; 1=enable sdreport
#_Fleet	Units	Errtype	SD_Report
1	 1	0	0	#_CM_E   
2	 1	0	0	#_CM_W   
3	 0	0	0	#_REC    
4	 2	0	0	#_SMP_BYC
5	 0	0	0	#_HB_E   
6	 0	0	0	#_HB_W   
7	30	0	0	#_LARVAL 
8	 0	0	0	#_VIDEO  
9	 0	0	0	#_SEAMAP 
#
#_CPUE_data
#_year	seas	index	obs	se_log
 1993	7	1	0.926749	   0.224	#_1         
 1994	7	1	 1.16452	  0.1921	#_2         
 1995	7	1	0.865242	  0.2148	#_3         
 1996	7	1	 0.99795	  0.1909	#_4         
 1997	7	1	0.875014	  0.2007	#_5         
 1998	7	1	 1.16746	  0.2021	#_6         
 1999	7	1	0.685505	  0.1857	#_7         
 2000	7	1	0.769356	   0.217	#_8         
 2001	7	1	 1.19899	  0.2045	#_9         
 2002	7	1	 1.33765	  0.1891	#_10        
 2003	7	1	 1.55306	  0.1817	#_11        
 2004	7	1	 1.11458	  0.1945	#_12        
 2005	7	1	 0.82446	  0.1913	#_13        
 2006	7	1	0.933581	  0.2117	#_14        
 1993	7	2	0.715202	  0.2946	#_15        
 1994	7	2	 1.04337	  0.2421	#_16        
 1995	7	2	 1.08126	  0.2502	#_17        
 1996	7	2	0.885341	  0.2158	#_18        
 1997	7	2	 1.22935	  0.1657	#_19        
 1998	7	2	 0.81583	  0.1853	#_20        
 1999	7	2	 1.22668	  0.1597	#_21        
 2000	7	2	 1.10241	  0.1912	#_22        
 2001	7	2	 1.16825	  0.2006	#_23        
 2002	7	2	 0.99302	  0.1743	#_24        
 2003	7	2	 1.11523	  0.1571	#_25        
 2004	7	2	0.925564	  0.1548	#_26        
 2005	7	2	0.783431	  0.1823	#_27        
 2006	7	2	0.958852	  0.2263	#_28        
 1986	7	3	 1.43202	  0.1343	#_29        
 1987	7	3	  1.9303	  0.2402	#_30        
 1988	7	3	 1.18769	  0.2702	#_31        
 1989	7	3	 1.01609	  0.3298	#_32        
 1990	7	3	 1.56943	  0.2462	#_33        
 1991	7	3	0.894057	  0.1803	#_34        
 1992	7	3	0.959049	  0.1364	#_35        
 1993	7	3	 1.21466	  0.1698	#_36        
 1994	7	3	0.825204	  0.2315	#_37        
 1995	7	3	0.774596	  0.2322	#_38        
 1996	7	3	 1.23791	  0.3018	#_39        
 1997	7	3	0.667364	    0.22	#_40        
 1998	7	3	0.515043	  0.1982	#_41        
 1999	7	3	0.842004	  0.1405	#_42        
 2000	7	3	0.875724	  0.2133	#_43        
 2001	7	3	0.778532	  0.2051	#_44        
 2002	7	3	0.878411	  0.2023	#_45        
 2003	7	3	 1.09748	  0.1792	#_46        
 2004	7	3	0.920796	   0.144	#_47        
 2005	7	3	0.536063	  0.1656	#_48        
 2006	7	3	0.562042	  0.1823	#_49        
 2007	7	3	0.637778	  0.2114	#_50        
 2008	7	3	0.604393	  0.2243	#_51        
 2009	7	3	0.988847	   0.225	#_52        
 2010	7	3	0.620611	  0.2406	#_53        
 2011	7	3	0.756115	  0.1556	#_54        
 2012	7	3	0.736225	   0.185	#_55        
 2013	7	3	0.933723	   0.213	#_56        
 2014	7	3	0.668042	  0.1501	#_57        
 2015	7	3	0.756023	   0.156	#_58        
 2016	7	3	0.838764	  0.1563	#_59        
 2017	7	3	0.785362	  0.1595	#_60        
 1950	7	4	0.176783	     0.2	#_61        
 1951	7	4	0.255566	     0.2	#_62        
 1952	7	4	0.147647	     0.2	#_63        
 1953	7	4	0.187234	     0.2	#_64        
 1954	7	4	0.239459	     0.2	#_65        
 1955	7	4	  0.1375	     0.2	#_66        
 1956	7	4	 0.19517	     0.2	#_67        
 1957	7	4	0.235718	     0.2	#_68        
 1958	7	4	 0.12661	     0.2	#_69        
 1959	7	4	0.144561	     0.2	#_70        
 1960	7	4	0.315873	     0.2	#_71        
 1961	7	4	0.175295	     0.2	#_72        
 1962	7	4	 0.21482	     0.2	#_73        
 1963	7	4	0.213223	     0.2	#_74        
 1964	7	4	0.227553	     0.2	#_75        
 1965	7	4	0.204464	     0.2	#_76        
 1966	7	4	0.329896	     0.2	#_77        
 1967	7	4	0.182603	     0.2	#_78        
 1968	7	4	 0.18267	     0.2	#_79        
 1969	7	4	 0.25907	     0.2	#_80        
 1970	7	4	0.201346	     0.2	#_81        
 1971	7	4	0.256281	     0.2	#_82        
 1972	7	4	0.200586	     0.2	#_83        
 1973	7	4	0.374137	     0.2	#_84        
 1974	7	4	0.241943	     0.2	#_85        
 1975	7	4	0.148782	     0.2	#_86        
 1976	7	4	0.175479	     0.2	#_87        
 1977	7	4	0.244792	     0.2	#_88        
 1978	7	4	0.182715	     0.2	#_89        
 1979	7	4	0.243004	     0.2	#_90        
 1980	7	4	0.174146	     0.2	#_91        
 1981	7	4	0.191713	     0.2	#_92        
 1982	7	4	0.178898	     0.2	#_93        
 1983	7	4	0.160094	     0.2	#_94        
 1984	7	4	0.140673	     0.2	#_95        
 1985	7	4	 0.16063	     0.2	#_96        
 1986	7	4	0.206973	     0.2	#_97        
 1987	7	4	0.129899	     0.2	#_98        
 1988	7	4	0.173272	     0.2	#_99        
 1989	7	4	0.215215	     0.2	#_100       
 1990	7	4	0.187234	     0.2	#_101       
 1991	7	4	0.179727	     0.2	#_102       
 1992	7	4	0.157349	     0.2	#_103       
 1993	7	4	0.168779	     0.2	#_104       
 1994	7	4	0.277668	     0.2	#_105       
 1995	7	4	0.225426	     0.2	#_106       
 1996	7	4	0.172899	     0.2	#_107       
 1997	7	4	0.203254	     0.2	#_108       
 1998	7	4	0.235664	     0.2	#_109       
 1999	7	4	0.160067	     0.2	#_110       
 2000	7	4	0.137476	     0.2	#_111       
 2001	7	4	0.148161	     0.2	#_112       
 2002	7	4	0.264545	     0.2	#_113       
 2003	7	4	0.161753	     0.2	#_114       
 2004	7	4	0.257567	     0.2	#_115       
 2005	7	4	 0.24565	     0.2	#_116       
 2006	7	4	  0.2387	     0.2	#_117       
 2007	7	4	0.212812	     0.2	#_118       
 2008	7	4	0.185225	     0.2	#_119       
 2009	7	4	0.239267	     0.2	#_120       
 2010	7	4	0.205353	     0.2	#_121       
 2011	7	4	0.158265	     0.2	#_122       
 2012	7	4	0.203646	     0.2	#_123       
 2013	7	4	0.206729	     0.2	#_124       
 2014	7	4	0.225541	     0.2	#_125       
 2015	7	4	0.165037	     0.2	#_126       
 2016	7	4	0.256684	     0.2	#_127       
 2017	7	4	0.223698	     0.2	#_128       
 1986	7	5	0.891533	  0.2867	#_129       
 1987	7	5	0.879762	  0.2748	#_130       
 1988	7	5	 1.09983	  0.1925	#_131       
 1989	7	5	0.912612	  0.1934	#_132       
 1990	7	5	 1.10413	  0.1798	#_133       
 1991	7	5	 0.90041	  0.1783	#_134       
 1992	7	5	0.894721	  0.1707	#_135       
 1993	7	5	  1.1252	  0.1765	#_136       
 1994	7	5	0.916515	  0.1742	#_137       
 1995	7	5	 1.17086	  0.1863	#_138       
 1996	7	5	0.943701	  0.1988	#_139       
 1997	7	5	 1.04847	  0.1964	#_140       
 1998	7	5	0.816591	  0.2188	#_141       
 1999	7	5	0.968703	  0.2329	#_142       
 2000	7	5	0.776924	   0.222	#_143       
 2001	7	5	0.953932	  0.2137	#_144       
 2002	7	5	 1.08697	  0.2118	#_145       
 2003	7	5	0.731713	   0.209	#_146       
 2004	7	5	 1.10711	   0.204	#_147       
 2005	7	5	 1.09217	  0.2055	#_148       
 2006	7	5	  1.2353	   0.221	#_149       
 2007	7	5	 1.66397	  0.2315	#_150       
 2008	7	5	 1.00687	  0.2009	#_151       
 2009	7	5	0.874108	   0.197	#_152       
 2010	7	5	0.943009	   0.215	#_153       
 2011	7	5	0.756688	  0.1938	#_154       
 2012	7	5	0.685561	  0.1944	#_155       
 2013	7	5	0.649114	  0.1787	#_156       
 2014	7	5	 1.20482	  0.1678	#_157       
 2015	7	5	0.918533	  0.1667	#_158       
 2016	7	5	 1.23393	  0.1586	#_159       
 2017	7	5	0.843642	  0.1488	#_160       
 1986	7	6	 1.11468	  0.2083	#_161       
 1987	7	6	 1.16277	  0.1987	#_162       
 1988	7	6	 1.10914	  0.2146	#_163       
 1989	7	6	0.801007	  0.2046	#_164       
 1990	7	6	0.882301	  0.1904	#_165       
 1991	7	6	0.944808	  0.1948	#_166       
 1992	7	6	0.755398	  0.1829	#_167       
 1993	7	6	 1.16388	   0.171	#_168       
 1994	7	6	0.775206	  0.1669	#_169       
 1995	7	6	0.782873	  0.1657	#_170       
 1996	7	6	0.997583	  0.1722	#_171       
 1997	7	6	0.964136	  0.1842	#_172       
 1998	7	6	0.908329	  0.1768	#_173       
 1999	7	6	0.577401	  0.2036	#_174       
 2000	7	6	 0.77887	  0.1975	#_175       
 2001	7	6	 1.11206	  0.1901	#_176       
 2002	7	6	 1.20272	  0.1787	#_177       
 2003	7	6	0.919418	   0.177	#_178       
 2004	7	6	0.857093	  0.1741	#_179       
 2005	7	6	 1.72404	  0.1719	#_180       
 2006	7	6	 1.25047	  0.1868	#_181       
 2007	7	6	 1.26219	  0.1805	#_182       
 2008	7	6	 1.12253	   0.285	#_183       
 2009	7	6	0.994643	  0.2194	#_184       
 2010	7	6	0.764779	  0.2089	#_185       
 2011	7	6	0.960783	  0.2093	#_186       
 2012	7	6	 1.35656	  0.2191	#_187       
 2013	7	6	 1.93328	  0.2211	#_188       
 2014	7	6	0.763325	  0.2486	#_189       
 2015	7	6	 1.00046	  0.2178	#_190       
 2016	7	6	0.997407	  0.2273	#_191       
 2017	7	6	0.943207	  0.2523	#_192       
 1986	7	7	 1.06837	0.229322	#_193       
 1987	7	7	  1.3534	 0.18555	#_194       
 1990	7	7	 1.19097	 0.25466	#_195       
 1991	7	7	0.903135	0.220455	#_196       
 1993	7	7	0.858479	0.215298	#_197       
 1994	7	7	0.928084	0.188572	#_198       
 1995	7	7	 1.22842	0.203662	#_199       
 1996	7	7	 0.91172	 0.20671	#_200       
 1997	7	7	 1.19022	0.185845	#_201       
 1999	7	7	0.806467	0.204291	#_202       
 2000	7	7	0.897592	0.207054	#_203       
 2001	7	7	 1.03919	0.196769	#_204       
 2003	7	7	 1.18514	0.182395	#_205       
 2006	7	7	 1.03212	0.192207	#_206       
 2007	7	7	0.879225	0.177098	#_207       
 2009	7	7	 1.07155	0.186419	#_208       
 2010	7	7	 1.06807	0.192591	#_209       
 2011	7	7	0.965549	0.194557	#_210       
 2012	7	7	 1.24963	0.190458	#_211       
 2013	7	7	0.800884	0.196107	#_212       
 2014	7	7	0.960487	0.194256	#_213       
 2016	7	7	 1.16651	0.195724	#_214       
 1993	7	8	0.713437	0.295683	#_215       
 1994	7	8	0.642995	0.216693	#_216       
 1995	7	8	 0.51038	0.507363	#_217       
 1996	7	8	0.971174	0.291294	#_218       
 1997	7	8	0.967481	0.196541	#_219       
 2002	7	8	0.891863	0.223033	#_220       
 2004	7	8	 1.24931	0.213692	#_221       
 2005	7	8	0.750378	0.160119	#_222       
 2006	7	8	0.991939	 0.32592	#_223       
 2007	7	8	 0.83215	0.156685	#_224       
 2008	7	8	  1.1844	0.209761	#_225       
 2009	7	8	0.919181	0.173403	#_226       
 2010	7	8	0.969535	0.157207	#_227       
 2011	7	8	0.811074	0.111457	#_228       
 2012	7	8	 1.01165	0.133449	#_229       
 2013	7	8	0.750934	0.141149	#_230       
 2014	7	8	0.858134	 0.11175	#_231       
 2015	7	8	 1.01412	0.132806	#_232       
 2016	7	8	 1.24681	0.117429	#_233       
 2017	7	8	 1.09254	0.124566	#_234       
 2009	7	9	 1.02727	0.243001	#_235       
 2010	7	9	0.584232	0.265449	#_236       
 2011	7	9	0.751107	0.261243	#_237       
 2012	7	9	0.576315	0.207352	#_238       
 2013	7	9	 1.53082	0.253906	#_239       
 2014	7	9	0.693472	0.260064	#_240       
 2015	7	9	0.644292	0.226881	#_241       
 2016	7	9	0.939634	0.228247	#_242       
 2017	7	9	 1.18842	0.250359	#_243       
-9999	0	0	       0	       0	#_terminator
4 #_N_discard_fleets
#_discard_units (1=same_as_catchunits(bio/num); 2=fraction; 3=numbers)
#_discard_errtype:  >0 for DF of T-dist(read CV below); 0 for normal with CV; -1 for normal with se; -2 for lognormal
#
#_discard_fleet_info
#_Fleet	units	errtype
1	1	-2	#_CM_E   
2	1	-2	#_CM_W   
3	1	-2	#_REC    
4	1	-2	#_SMP_BYC
#
#_discard_data
#_Yr	Seas	Flt	Discard	Std_in
 1993	 7	 1	16.9711	0.3	#_1         
 1994	 7	 1	13.4799	0.3	#_2         
 1995	 7	 1	22.5446	0.3	#_3         
 1996	 7	 1	20.4097	0.3	#_4         
 1997	 7	 1	16.0673	0.3	#_5         
 1998	 7	 1	 16.979	0.3	#_6         
 1999	 7	 1	19.4702	0.3	#_7         
 2000	 7	 1	12.2452	0.3	#_8         
 2001	 7	 1	18.0709	0.3	#_9         
 2002	 7	 1	34.3602	0.3	#_10        
 2003	 7	 1	12.7345	0.3	#_11        
 2004	 7	 1	30.3167	0.3	#_12        
 2005	 7	 1	343.648	0.3	#_13        
 2006	 7	 1	134.711	0.3	#_14        
 2007	 7	 1	150.051	0.3	#_15        
 2008	 7	 1	67.4696	0.3	#_16        
 2009	 7	 1	79.9656	0.3	#_17        
 2010	 7	 1	66.4566	0.3	#_18        
 2011	 7	 1	69.5298	0.3	#_19        
 2012	 7	 1	45.6385	0.3	#_20        
 2013	 7	 1	83.3821	0.3	#_21        
 2014	 7	 1	90.7287	0.3	#_22        
 2015	 7	 1	108.107	0.3	#_23        
 2016	 7	 1	85.5127	0.3	#_24        
 2017	 7	 1	98.8071	0.3	#_25        
 1993	 7	 2	7.47201	0.3	#_26        
 1994	 7	 2	11.5951	0.3	#_27        
 1995	 7	 2	9.40526	0.3	#_28        
 1996	 7	 2	 7.1532	0.3	#_29        
 1997	 7	 2	7.29559	0.3	#_30        
 1998	 7	 2	 11.188	0.3	#_31        
 1999	 7	 2	12.2471	0.3	#_32        
 2000	 7	 2	12.2946	0.3	#_33        
 2001	 7	 2	7.52011	0.3	#_34        
 2002	 7	 2	8.43076	0.3	#_35        
 2003	 7	 2	7.91285	0.3	#_36        
 2004	 7	 2	9.60173	0.3	#_37        
 2005	 7	 2	155.697	0.3	#_38        
 2006	 7	 2	120.558	0.3	#_39        
 2007	 7	 2	139.199	0.3	#_40        
 2008	 7	 2	37.6838	0.3	#_41        
 2009	 7	 2	38.9746	0.3	#_42        
 2010	 7	 2	43.2255	0.3	#_43        
 2011	 7	 2	51.4223	0.3	#_44        
 2012	 7	 2	35.6282	0.3	#_45        
 2013	 7	 2	41.0153	0.3	#_46        
 2014	 7	 2	33.7157	0.3	#_47        
 2015	 7	 2	50.3437	0.3	#_48        
 2016	 7	 2	33.2282	0.3	#_49        
 2017	 7	 2	94.7031	0.3	#_50        
 1982	 7	 3	13.6188	0.3	#_51        
 1983	 7	 3	8.90021	0.3	#_52        
 1984	 7	 3	7.81503	0.3	#_53        
 1985	 7	 3	11.6038	0.3	#_54        
 1986	 7	 3	9.84616	0.3	#_55        
 1987	 7	 3	9.73642	0.3	#_56        
 1988	 7	 3	7.21949	0.3	#_57        
 1989	 7	 3	9.06687	0.3	#_58        
 1990	 7	 3	187.182	0.3	#_59        
 1991	 7	 3	 177.39	0.3	#_60        
 1992	 7	 3	261.566	0.3	#_61        
 1993	 7	 3	266.937	0.3	#_62        
 1994	 7	 3	305.801	0.3	#_63        
 1995	 7	 3	271.221	0.3	#_64        
 1996	 7	 3	 136.97	0.3	#_65        
 1997	 7	 3	483.347	0.3	#_66        
 1998	 7	 3	 287.64	0.3	#_67        
 1999	 7	 3	 473.93	0.3	#_68        
 2000	 7	 3	490.431	0.3	#_69        
 2001	 7	 3	492.455	0.3	#_70        
 2002	 7	 3	611.098	0.3	#_71        
 2003	 7	 3	386.498	0.3	#_72        
 2004	 7	 3	637.784	0.3	#_73        
 2005	 7	 3	951.263	0.3	#_74        
 2006	 7	 3	1178.32	0.3	#_75        
 2007	 7	 3	 665.31	0.3	#_76        
 2008	 7	 3	850.763	0.3	#_77        
 2009	 7	 3	450.703	0.3	#_78        
 2010	 7	 3	308.979	0.3	#_79        
 2011	 7	 3	460.881	0.3	#_80        
 2012	 7	 3	434.597	0.3	#_81        
 2013	 7	 3	327.741	0.3	#_82        
 2014	 7	 3	  486.3	0.3	#_83        
 2015	 7	 3	531.433	0.3	#_84        
 2016	 7	 3	960.814	0.3	#_85        
 2017	 7	 3	778.878	0.3	#_86        
 1972	-7	 4	1078.34	0.1	#_87        
 1973	 7	-4	997.873	0.5	#_88        
 1974	 7	-4	997.873	0.5	#_89        
 1975	 7	-4	997.873	0.5	#_90        
 1976	 7	-4	997.873	0.5	#_91        
 1977	 7	-4	997.873	0.5	#_92        
 1978	 7	-4	997.873	0.5	#_93        
 1979	 7	-4	997.873	0.5	#_94        
 1980	 7	-4	997.873	0.5	#_95        
 1981	 7	-4	997.873	0.5	#_96        
 1982	 7	-4	997.873	0.5	#_97        
 1983	 7	-4	997.873	0.5	#_98        
 1984	 7	-4	997.873	0.5	#_99        
 1985	 7	-4	997.873	0.5	#_100       
 1986	 7	-4	997.873	0.5	#_101       
 1987	 7	-4	997.873	0.5	#_102       
 1988	 7	-4	997.873	0.5	#_103       
 1989	 7	-4	997.873	0.5	#_104       
 1990	 7	-4	997.873	0.5	#_105       
 1991	 7	-4	997.873	0.5	#_106       
 1992	 7	-4	997.873	0.5	#_107       
 1993	 7	-4	997.873	0.5	#_108       
 1994	 7	-4	997.873	0.5	#_109       
 1995	 7	-4	997.873	0.5	#_110       
 1996	 7	-4	997.873	0.5	#_111       
 1997	 7	-4	997.873	0.5	#_112       
 1998	 7	-4	997.873	0.5	#_113       
 1999	 7	-4	997.873	0.5	#_114       
 2000	 7	-4	997.873	0.5	#_115       
 2001	 7	-4	997.873	0.5	#_116       
 2002	 7	-4	997.873	0.5	#_117       
 2003	 7	-4	997.873	0.5	#_118       
 2004	 7	-4	997.873	0.5	#_119       
 2005	 7	-4	997.873	0.5	#_120       
 2006	 7	-4	997.873	0.5	#_121       
 2007	 7	-4	997.873	0.5	#_122       
 2008	 7	-4	997.873	0.5	#_123       
 2009	 7	-4	997.873	0.5	#_124       
 2010	 7	-4	997.873	0.5	#_125       
 2011	 7	-4	997.873	0.5	#_126       
 2012	 7	-4	997.873	0.5	#_127       
 2013	 7	-4	997.873	0.5	#_128       
 2014	 7	-4	997.873	0.5	#_129       
 2015	 7	-4	997.873	0.5	#_130       
 2016	 7	-4	997.873	0.5	#_131       
 2017	-7	-4	997.873	0.5	#_132       
-9999	 0	 0	      0	  0	#_terminator
#
#_meanbodywt
0 #_use_meanbodywt
 #_DF_for_meanbodywt_T-distribution_like
#
#_population_length_bins
1 # length bin method: 1=use databins; 2=generate from binwidth,min,max below; 3=read vector
1 #_use_lencomp
#
#_len_info
#_mintailcomp	addtocomp	combine_M_F	CompressBins	CompError	ParmSelect	minsamplesize
1e-04	1e-07	0	0	0	0	1	#_CM_E   
1e-04	1e-07	0	0	0	0	1	#_CM_W   
1e-04	1e-07	0	0	0	0	1	#_REC    
1e-04	1e-07	0	0	0	0	1	#_SMP_BYC
1e-04	1e-07	0	0	0	0	1	#_HB_E   
1e-04	1e-07	0	0	0	0	1	#_HB_W   
1e-04	1e-07	0	0	0	0	1	#_LARVAL 
1e-04	1e-07	0	0	0	0	1	#_VIDEO  
1e-04	1e-07	0	0	0	0	1	#_SEAMAP 
12 #_N_lbins
#_lbin_vector
1 5 10 15 20 25 30 35 40 45 50 55 #_lbin_vector
#
#_lencomp
#_Yr	Seas	FltSvy	Gender	Part	Nsamp	l1	l5	l10	l15	l20	l25	l30	l35	l40	l45	l50	l55
 2002	7	8	0	0	 17	0	0	 1	 0	 6	 5	 2	2	1	0	0	0	#_1         
 2004	7	8	0	0	  6	0	0	 0	 0	 2	 3	 0	0	0	0	1	0	#_2         
 2005	7	8	0	0	 38	0	0	 4	 3	15	 7	 6	2	0	1	0	0	#_3         
 2006	7	8	0	0	 18	0	0	 1	 2	 5	 5	 3	2	0	0	0	0	#_4         
 2007	7	8	0	0	 11	0	0	 3	 1	 4	 0	 0	1	2	0	0	0	#_5         
 2008	7	8	0	0	  8	0	0	 0	 3	 1	 4	 0	0	0	0	0	0	#_6         
 2009	7	8	0	0	 25	0	0	 0	 8	10	 4	 2	0	1	0	0	0	#_7         
 2010	7	8	0	0	 32	0	0	 1	 7	 8	 9	 3	2	2	0	0	0	#_8         
 2011	7	8	0	0	 47	0	0	 3	 7	20	 7	 7	1	1	1	0	0	#_9         
 2012	7	8	0	0	 39	0	1	 3	11	 7	12	 4	0	1	0	0	0	#_10        
 2013	7	8	0	0	100	0	0	18	11	30	24	 7	7	3	0	0	0	#_11        
 2014	7	8	0	0	100	0	0	12	13	37	21	 7	8	2	0	0	0	#_12        
 2015	7	8	0	0	 74	0	2	 5	 9	36	11	 9	1	1	0	0	0	#_13        
 2016	7	8	0	0	 32	0	0	 2	 4	10	 9	 3	2	1	1	0	0	#_14        
 2017	7	8	0	0	100	0	0	14	21	21	27	12	3	2	0	0	0	#_15        
 2009	7	9	0	0	 35	0	0	 7	18	 8	 2	 0	0	0	0	0	0	#_16        
 2010	7	9	0	0	100	0	4	26	39	28	 3	 0	0	0	0	0	0	#_17        
 2011	7	9	0	0	 17	0	0	 7	 6	 4	 0	 0	0	0	0	0	0	#_18        
 2012	7	9	0	0	 11	0	0	 1	 5	 4	 1	 0	0	0	0	0	0	#_19        
 2013	7	9	0	0	 37	0	1	 7	13	14	 2	 0	0	0	0	0	0	#_20        
 2014	7	9	0	0	 69	1	2	17	33	14	 2	 0	0	0	0	0	0	#_21        
 2015	7	9	0	0	 37	0	0	11	13	12	 1	 0	0	0	0	0	0	#_22        
 2016	7	9	0	0	 38	0	3	10	10	13	 2	 0	0	0	0	0	0	#_23        
 2017	7	9	0	0	100	0	5	23	46	24	 2	 0	0	0	0	0	0	#_24        
-9999	0	0	0	0	  0	0	0	 0	 0	 0	 0	 0	0	0	0	0	0	#_terminator
14 #_N_agebins
#
#_agebin_vector
1 2 3 4 5 6 7 8 9 10 11 12 13 14 #_agebin_vector
#
#_ageing_error
1 #_N_ageerror_definitions
#_age0	age1	age2	age3	age4	age5	age6	age7	age8	age9	age10	age11	age12	age13	age14
  0.5	  1.5	  2.5	  3.5	  4.5	  5.5	  6.5	  7.5	  8.5	  9.5	 10.5	 11.5	 12.5	 13.5	 14.5	#_1
0.001	0.001	0.001	0.001	0.001	0.001	0.001	0.001	0.001	0.001	0.001	0.001	0.001	0.001	0.001	#_2
#
#_age_info
#_mintailcomp	addtocomp	combine_M_F	CompressBins	CompError	ParmSelect	minsamplesize
1e-04	1e-07	0	0	0	0	1	#_CM_E   
1e-04	1e-07	0	0	0	0	1	#_CM_W   
1e-04	1e-07	0	0	0	0	1	#_REC    
1e-04	1e-07	0	0	0	0	1	#_SMP_BYC
1e-04	1e-07	0	0	0	0	1	#_HB_E   
1e-04	1e-07	0	0	0	0	1	#_HB_W   
1e-04	1e-07	0	0	0	0	1	#_LARVAL 
1e-04	1e-07	0	0	0	0	1	#_VIDEO  
1e-04	1e-07	0	0	0	0	1	#_SEAMAP 
2 #_Lbin_method: 1=poplenbins; 2=datalenbins; 3=lengths
 #_combine males into females at or below this bin number
#_Yr	Seas	FltSvy	Gender	Part	Ageerr	Lbin_lo	Lbin_hi	Nsamp	a1	a2	a3	a4	a5	a6	a7	a8	a9	a10	a11	a12	a13	a14
 1995	7	1	0	2	1	-1	-1	  3	0	 0	 0	 0	 1	 0	 0	 1	0	1	0	0	0	 0	#_1         
 1998	7	1	0	2	1	-1	-1	  6	0	 0	 2	 0	 0	 0	 1	 0	0	3	0	0	0	 0	#_2         
 2000	7	1	0	2	1	-1	-1	  8	0	 1	 2	 0	 2	 1	 1	 0	0	0	0	1	0	 0	#_3         
 2001	7	1	0	2	1	-1	-1	 23	0	 0	 8	 2	 0	 6	 3	 1	1	1	1	0	0	 0	#_4         
 2002	7	1	0	2	1	-1	-1	100	0	11	16	27	 9	 6	 9	 5	3	4	5	0	1	 4	#_5         
 2003	7	1	0	2	1	-1	-1	 23	0	 2	 7	 4	 2	 4	 0	 1	0	1	0	1	0	 1	#_6         
 2004	7	1	0	2	1	-1	-1	 33	0	 3	 8	 4	 5	 4	 3	 1	2	0	1	1	0	 1	#_7         
 2005	7	1	0	2	1	-1	-1	100	0	 2	19	20	13	12	 9	 5	1	4	1	4	1	 9	#_8         
 2006	7	1	0	2	1	-1	-1	 59	0	 1	 9	 6	11	 5	 9	 7	4	1	1	3	0	 2	#_9         
 2007	7	1	0	2	1	-1	-1	 54	0	 4	 3	 7	12	 8	 7	 2	5	0	1	1	2	 2	#_10        
 2008	7	1	0	2	1	-1	-1	100	0	 5	16	 8	11	13	19	 9	4	8	3	1	2	 1	#_11        
 2009	7	1	0	2	1	-1	-1	100	0	 2	22	12	 9	13	16	 9	8	1	3	0	0	 5	#_12        
 2010	7	1	0	2	1	-1	-1	 32	0	 3	 2	 5	 4	 3	 4	 4	3	1	2	1	0	 0	#_13        
 2011	7	1	0	2	1	-1	-1	 87	1	 3	16	20	 8	11	 3	 6	7	4	2	2	1	 3	#_14        
 2012	7	1	0	2	1	-1	-1	 99	0	 7	16	22	 9	14	 9	 1	6	4	1	1	2	 7	#_15        
 2013	7	1	0	2	1	-1	-1	 55	0	 4	 7	13	 7	 7	 3	 5	0	2	2	2	0	 3	#_16        
 2014	7	1	0	2	1	-1	-1	 79	0	 4	20	10	16	 5	 2	 5	4	2	5	2	1	 3	#_17        
 2015	7	1	0	2	1	-1	-1	100	1	18	17	18	 5	11	 8	 3	5	4	1	2	0	 7	#_18        
 2016	7	1	0	2	1	-1	-1	100	0	12	29	12	14	 7	 7	 3	6	4	1	1	1	 3	#_19        
 2017	7	1	0	2	1	-1	-1	100	1	 7	32	21	 5	 5	 7	 6	4	3	4	2	1	 2	#_20        
 1994	7	2	0	2	1	-1	-1	  8	0	 0	 2	 0	 2	 1	 1	 1	0	0	1	0	0	 0	#_21        
 1995	7	2	0	2	1	-1	-1	  7	0	 0	 1	 0	 0	 3	 1	 0	2	0	0	0	0	 0	#_22        
 2000	7	2	0	2	1	-1	-1	 64	0	 0	12	 5	15	 9	 4	 7	2	3	0	4	1	 2	#_23        
 2001	7	2	0	2	1	-1	-1	 48	0	 0	14	 7	 4	 7	 4	 3	6	1	0	1	0	 1	#_24        
 2002	7	2	0	2	1	-1	-1	 34	0	 1	 4	11	 5	 4	 3	 1	1	1	0	0	1	 2	#_25        
 2003	7	2	0	2	1	-1	-1	 30	0	 2	 3	 2	10	 5	 0	 2	0	2	1	1	0	 2	#_26        
 2004	7	2	0	2	1	-1	-1	100	1	 4	13	17	15	21	 8	 5	5	4	2	3	0	 2	#_27        
 2005	7	2	0	2	1	-1	-1	 21	0	 0	 1	 5	 3	 3	 3	 3	1	1	0	0	1	 0	#_28        
 2006	7	2	0	2	1	-1	-1	 16	0	 0	 1	 2	 5	 3	 0	 3	0	0	0	0	0	 2	#_29        
 2007	7	2	0	2	1	-1	-1	100	0	 0	 4	12	22	21	12	 6	7	1	2	3	1	 9	#_30        
 2008	7	2	0	2	1	-1	-1	100	0	 1	 4	 8	24	23	 8	10	5	7	4	1	2	 3	#_31        
 2009	7	2	0	2	1	-1	-1	100	0	 1	 4	16	10	17	14	14	3	5	5	3	1	 7	#_32        
 2010	7	2	0	2	1	-1	-1	 59	0	 1	10	 7	 4	 7	 8	 5	5	1	6	2	1	 2	#_33        
 2011	7	2	0	2	1	-1	-1	100	0	 3	 6	15	10	10	 8	 9	9	2	5	5	6	12	#_34        
 2012	7	2	0	2	1	-1	-1	 89	0	 2	 5	12	15	15	11	 8	7	3	3	3	1	 4	#_35        
 2013	7	2	0	2	1	-1	-1	 48	0	 1	 2	 5	14	 4	 6	 3	4	2	3	0	1	 3	#_36        
 2014	7	2	0	2	1	-1	-1	 47	0	 1	 6	11	 5	 7	 4	 3	5	0	1	0	0	 4	#_37        
 2015	7	2	0	2	1	-1	-1	 23	0	 2	 2	 6	 3	 2	 0	 2	3	1	1	0	0	 1	#_38        
 2016	7	2	0	2	1	-1	-1	 82	1	 4	 7	 6	21	10	 5	 8	6	4	2	1	2	 5	#_39        
 2017	7	2	0	2	1	-1	-1	 89	0	 4	 7	20	10	15	 7	 4	7	2	3	3	2	 5	#_40        
 1994	7	3	0	2	1	-1	-1	 13	0	 0	 7	 2	 1	 1	 0	 0	2	0	0	0	0	 0	#_41        
 1995	7	3	0	2	1	-1	-1	  6	0	 0	 4	 0	 1	 0	 1	 0	0	0	0	0	0	 0	#_42        
 1996	7	3	0	2	1	-1	-1	 77	0	 7	21	20	14	 8	 5	 1	1	0	0	0	0	 0	#_43        
 1997	7	3	0	2	1	-1	-1	 15	0	 1	 5	 3	 2	 1	 1	 1	1	0	0	0	0	 0	#_44        
 1998	7	3	0	2	1	-1	-1	 13	0	 0	 1	 4	 4	 0	 1	 3	0	0	0	0	0	 0	#_45        
 1999	7	3	0	2	1	-1	-1	 25	0	 3	 4	 8	 0	 1	 4	 1	2	0	1	0	1	 0	#_46        
 2000	7	3	0	2	1	-1	-1	 61	0	15	 8	 8	 8	11	 5	 4	0	1	1	0	0	 0	#_47        
 2001	7	3	0	2	1	-1	-1	  7	0	 0	 1	 1	 3	 1	 1	 0	0	0	0	0	0	 0	#_48        
 2002	7	3	0	2	1	-1	-1	 15	0	 1	 2	 8	 2	 2	 0	 0	0	0	0	0	0	 0	#_49        
 2003	7	3	0	2	1	-1	-1	 19	0	 2	 4	 7	 2	 1	 0	 0	1	2	0	0	0	 0	#_50        
 2004	7	3	0	2	1	-1	-1	  4	0	 0	 2	 0	 1	 1	 0	 0	0	0	0	0	0	 0	#_51        
 2005	7	3	0	2	1	-1	-1	 54	0	 2	10	13	14	 4	 7	 1	1	1	1	0	0	 0	#_52        
 2006	7	3	0	2	1	-1	-1	 93	0	 4	21	26	19	12	 4	 5	0	2	0	0	0	 0	#_53        
 2007	7	3	0	2	1	-1	-1	100	0	 1	13	29	22	18	 7	 3	4	1	0	1	0	 1	#_54        
 2008	7	3	0	2	1	-1	-1	 42	0	 2	10	 6	11	 5	 3	 1	0	2	0	0	0	 2	#_55        
 2009	7	3	0	2	1	-1	-1	100	1	 8	26	19	 7	15	 7	 9	3	1	3	1	0	 0	#_56        
 2010	7	3	0	2	1	-1	-1	 20	0	 4	 4	 4	 3	 0	 1	 3	1	0	0	0	0	 0	#_57        
 2011	7	3	0	2	1	-1	-1	 78	0	 8	14	15	14	 8	 5	 7	3	3	0	1	0	 0	#_58        
 2012	7	3	0	2	1	-1	-1	100	0	 9	21	30	21	 7	 3	 3	4	2	0	0	0	 0	#_59        
 2013	7	3	0	2	1	-1	-1	100	1	 8	16	22	23	15	 5	 2	2	1	2	0	3	 0	#_60        
 2014	7	3	0	2	1	-1	-1	100	0	 5	30	25	18	 9	 6	 1	2	1	1	0	0	 2	#_61        
 2015	7	3	0	2	1	-1	-1	 46	0	 9	 7	12	 8	 4	 2	 0	1	2	0	1	0	 0	#_62        
 2016	7	3	0	2	1	-1	-1	100	0	12	34	13	21	 8	 6	 1	2	2	0	0	0	 1	#_63        
 2017	7	3	0	2	1	-1	-1	100	1	 7	25	27	 5	14	 4	 6	6	1	1	2	0	 1	#_64        
-9999	0	0	0	0	0	 0	 0	  0	0	 0	 0	 0	 0	 0	 0	 0	0	0	0	0	0	 0	#_terminator
#
#_MeanSize_at_Age_obs
0 #_use_MeanSize_at_Age_obs
0 #_N_environ_variables
0 #_N_sizefreq_methods
0 #_do_tags
0 #_morphcomp_data
0 #_use_selectivity_priors
#
999
