#V3.30
#C data file for simple example
#
1971 #_styr
2001 #_endyr
1 #_nseas
12 #_months_per_seas
2 #_Nsubseasons
1 #_spawn_month
2 #_Nsexes
40 #_Nages
1 #_N_areas
3 #_Nfleets
#_fleetinfo
#_type	surveytiming	area	units	need_catch_mult	fleetname
1	-1	1	1	0	FISHERY1	#_1
3	 1	1	2	0	SURVEY1 	#_2
3	 1	1	2	0	SURVEY2 	#_3
#_Catch data
#_year	season	fleet	catch	catch_se
 -999	1	1	      0	0.01	#_1         
 1971	1	1	      0	0.01	#_2         
 1972	1	1	199.118	0.01	#_3         
 1973	1	1	1007.66	0.01	#_4         
 1974	1	1	1000.23	0.01	#_5         
 1975	1	1	1998.69	0.01	#_6         
 1976	1	1	2947.71	0.01	#_7         
 1977	1	1	3965.78	0.01	#_8         
 1978	1	1	4943.84	0.01	#_9         
 1979	1	1	5900.75	0.01	#_10        
 1980	1	1	7883.24	0.01	#_11        
 1981	1	1	9936.91	0.01	#_12        
 1982	1	1	9826.99	0.01	#_13        
 1983	1	1	9864.88	0.01	#_14        
 1984	1	1	9898.09	0.01	#_15        
 1985	1	1	9889.53	0.01	#_16        
 1986	1	1	 9945.4	0.01	#_17        
 1987	1	1	9988.54	0.01	#_18        
 1988	1	1	9043.91	0.01	#_19        
 1989	1	1	8023.29	0.01	#_20        
 1990	1	1	 6969.4	0.01	#_21        
 1991	1	1	5916.58	0.01	#_22        
 1992	1	1	3996.66	0.01	#_23        
 1993	1	1	3967.54	0.01	#_24        
 1994	1	1	4042.56	0.01	#_25        
 1995	1	1	4042.48	0.01	#_26        
 1996	1	1	3950.86	0.01	#_27        
 1997	1	1	2950.74	0.01	#_28        
 1998	1	1	3025.47	0.01	#_29        
 1999	1	1	2978.23	0.01	#_30        
 2000	1	1	3013.19	0.01	#_31        
 2001	1	1	2991.32	0.01	#_32        
-9999	0	0	      0	   0	#_terminator
#_CPUE_and_surveyabundance_observations
#_Units:  0=numbers; 1=biomass; 2=F; >=30 for special types
#_Errtype:  -1=normal; 0=lognormal; >0=T
#_SD_Report: 0=no sdreport; 1=enable sdreport
#_Fleet	Units	Errtype	SD_Report
1	0	0	0	#_FISHERY1
2	0	0	0	#_SURVEY1 
3	0	0	0	#_SURVEY2 
#
#_CPUE_data
-9999 1 1 1 1 # terminator
0 #_N_discard_fleets
#_discard_units (1=same_as_catchunits(bio/num); 2=fraction; 3=numbers)
#_discard_errtype:  >0 for DF of T-dist(read CV below); 0 for normal with CV; -1 for normal with se; -2 for lognormal
#
#_discard_fleet_info
#
#_discard_data
#
#_meanbodywt
0 #_use_meanbodywt
 #_DF_for_meanbodywt_T-distribution_like
#
#_population_length_bins
2 # length bin method: 1=use databins; 2=generate from binwidth,min,max below; 3=read vector
2 # binwidth for population size comp
10 # minimum size in the population (lower edge of first bin and size at age 0.00)
94 # maximum size in the population (lower edge of last bin)
1 #_use_lencomp
#
#_len_info
#_mintailcomp	addtocomp	combine_M_F	CompressBins	CompError	ParmSelect	minsamplesize
0	1e-07	0	0	0	0	1	#_FISHERY1
0	1e-07	0	0	0	0	1	#_SURVEY1 
0	1e-07	0	0	0	0	1	#_SURVEY2 
25 #_N_lbins
#_lbin_vector
26 28 30 32 34 36 38 40 42 44 46 48 50 52 54 56 58 60 62 64 68 72 76 80 90 #_lbin_vector
#
#_lencomp
#_Yr	Seas	FltSvy	Gender	Part	Nsamp	f26	f28	f30	f32	f34	f36	f38	f40	f42	f44	f46	f48	f50	f52	f54	f56	f58	f60	f62	f64	f68	f72	f76	f80	f90	m26	m28	m30	m32	m34	m36	m38	m40	m42	m44	m46	m48	m50	m52	m54	m56	m58	m60	m62	m64	m68	m72	m76	m80	m90
 1971	7	1	3	0	125	0	0	0	0	0	0	0	0	0	 2	2	5	 2	4	 3	1	 4	3	7	 7	 7	 6	6	0	0	0	0	0	0	 0	 0	0	0	1	 1	1	0	0	 4	4	3	 3	7	 8	12	 7	11	4	0	0	#_1         
 1972	7	1	3	0	125	0	0	0	0	0	0	0	0	0	 6	0	0	 1	3	 1	4	 3	5	2	 6	 7	 6	4	4	0	0	0	0	0	 0	 0	0	0	1	 1	1	2	3	 2	3	6	 3	7	 9	 9	14	 9	3	0	0	#_2         
 1973	7	1	3	0	125	0	0	0	0	0	0	0	0	0	 0	0	0	10	2	 3	6	 1	6	1	11	 6	 8	9	0	0	0	0	0	0	 0	 0	0	0	0	 0	0	6	2	 6	1	7	 2	3	 6	 8	12	 6	2	1	0	#_3         
 1974	7	1	3	0	125	0	0	0	0	0	0	0	0	0	 6	0	3	 4	1	 5	1	 1	7	5	12	 6	 4	7	0	0	0	0	0	0	 0	 0	0	1	0	 0	1	3	2	 4	4	2	 4	3	 7	12	13	 3	4	0	0	#_4         
 1975	7	1	3	0	125	0	0	0	0	0	0	0	4	1	 0	1	1	 1	2	 1	4	 4	6	5	 8	 8	 9	5	0	0	0	0	0	0	 0	 0	0	0	0	 8	3	1	0	 5	5	2	 4	6	 6	 4	12	 7	2	0	0	#_5         
 1976	7	1	3	0	125	0	0	0	0	0	0	0	2	1	 1	3	3	 1	4	 3	3	 1	9	1	14	 9	 5	3	2	0	0	0	0	0	 0	 0	4	1	1	 0	2	1	1	 4	2	4	 1	5	 4	 8	 8	 9	5	0	0	#_6         
 1977	7	1	3	0	125	0	0	0	0	0	0	0	2	1	 0	4	2	 3	4	 0	6	 3	2	5	 7	 7	 8	4	2	0	0	0	0	0	 0	 1	0	0	1	 3	0	4	2	 2	1	0	 3	5	10	14	 9	 5	5	0	0	#_7         
 1978	7	1	3	0	125	0	0	0	0	0	0	2	1	0	 0	2	2	 1	5	 5	4	 1	6	3	11	 5	 5	3	5	0	0	0	0	0	 0	 0	0	2	1	 0	2	1	3	 5	4	7	 2	5	 3	14	 7	 5	3	0	0	#_8         
 1979	7	1	3	0	125	0	0	0	0	0	0	0	0	0	 0	2	4	 3	7	 9	3	 3	6	4	10	 5	 7	2	4	0	0	0	0	0	 0	 0	0	0	1	 2	2	1	4	 4	5	4	 6	3	 3	 7	 5	 7	1	1	0	#_9         
 1980	7	1	3	0	125	0	0	0	0	0	0	0	0	0	 0	1	1	 4	2	 2	6	 4	6	3	 7	10	 8	3	1	0	0	0	0	0	 0	 0	0	0	1	 0	0	2	6	 5	2	7	 3	4	 9	12	11	 3	2	0	0	#_10        
 1981	7	1	3	0	125	0	0	0	0	0	0	1	0	0	 0	1	0	 2	1	 3	5	 3	4	3	12	 4	 8	6	0	0	0	0	0	0	 0	 1	0	0	0	 1	1	2	3	 3	6	4	 7	4	 7	14	 8	 7	4	0	0	#_11        
 1982	7	1	3	0	125	0	0	0	0	0	0	0	0	4	 3	0	2	 3	2	 2	4	 2	3	2	 8	 9	16	0	0	0	0	0	0	0	 0	 0	0	0	2	 0	0	2	3	 2	3	1	 4	7	 8	13	 9	 4	7	0	0	#_12        
 1983	7	1	3	0	125	0	0	0	0	0	0	0	0	0	 0	3	4	 1	1	 0	2	 4	4	6	 8	 6	 8	4	0	0	0	0	0	0	 0	 0	0	0	0	 2	1	2	2	 4	4	7	 7	5	 9	10	 9	 9	3	0	0	#_13        
 1984	7	1	3	0	125	0	0	0	0	0	0	1	0	2	 3	3	0	 2	2	 1	3	10	2	9	 5	13	 7	3	0	0	0	0	0	0	 0	 0	0	2	1	 2	4	0	1	 5	1	3	 3	3	 6	10	 5	 9	4	0	0	#_14        
 1985	7	1	3	0	125	0	0	0	0	0	0	0	0	1	 1	1	2	 3	1	 3	4	 4	4	7	12	 9	 7	2	2	0	0	0	0	0	 0	 0	0	1	0	 0	2	1	2	 0	2	5	 3	5	 6	15	14	 4	2	0	0	#_15        
 1986	7	1	3	0	125	0	0	0	2	0	0	0	1	0	 2	2	0	 7	0	 3	3	 4	6	5	13	13	 2	8	0	0	0	0	0	0	 0	 0	0	0	1	 1	3	3	0	 2	2	2	 3	6	 7	11	 7	 2	4	0	0	#_16        
 1987	7	1	3	0	125	0	0	0	0	1	0	0	0	1	 0	0	1	 2	1	 1	3	 2	6	5	 9	12	 5	8	0	0	0	0	0	0	 0	 0	0	1	0	 1	3	1	3	 5	4	4	 7	5	 8	 8	 8	 6	4	0	0	#_17        
 1988	7	1	3	0	125	0	0	0	0	0	0	0	0	2	 1	1	0	 1	1	 5	4	 4	5	1	13	11	 5	4	0	0	0	0	0	0	 0	 1	1	0	2	 1	2	3	2	 4	4	2	10	1	 5	13	 6	10	0	0	0	#_18        
 1989	7	1	3	0	125	0	0	0	0	0	1	1	2	2	 1	1	2	 3	2	 5	5	 4	3	4	 8	 6	 6	5	0	0	0	0	0	0	 0	 0	5	0	1	 1	2	2	1	 2	5	3	 8	5	 6	 7	 8	 6	2	0	0	#_19        
 1990	7	1	3	0	125	0	0	0	0	0	0	0	3	1	 3	5	2	 4	6	 6	3	 5	3	5	12	 7	 3	7	0	0	0	0	0	0	 0	 1	0	1	0	 2	2	3	3	 6	0	6	 2	5	 5	 5	 3	 2	4	0	0	#_20        
 1991	7	1	3	0	125	0	0	0	0	0	0	0	6	2	 1	3	2	 4	1	 3	1	 6	6	4	 9	 6	 8	0	0	0	0	0	0	0	 1	 1	3	1	3	 0	1	5	3	 3	0	4	 4	4	 5	 8	11	 6	0	0	0	#_21        
 1992	7	1	3	0	125	0	0	0	0	3	0	5	0	2	 3	2	2	 3	3	 5	6	 8	5	4	 8	 4	 2	0	0	0	0	0	0	0	 0	 0	0	5	1	 0	3	2	7	 3	2	5	 3	3	 3	11	 4	 8	0	0	0	#_22        
 1993	7	1	3	0	125	0	0	0	0	0	0	8	1	0	 3	4	4	 3	0	 3	5	 0	6	2	10	 5	 7	0	0	0	0	0	0	0	 0	 0	0	9	3	 2	0	2	3	 5	6	7	 2	4	 4	 5	 5	 5	2	0	0	#_23        
 1994	7	1	3	0	125	0	0	0	0	0	0	0	0	0	10	3	1	 2	6	 1	5	 2	4	4	 5	 4	 2	1	0	0	0	0	0	0	 0	 0	0	6	2	 4	4	5	6	 5	7	3	 6	2	 6	 6	10	 3	0	0	0	#_24        
 1995	7	1	3	0	125	0	0	0	2	0	1	0	1	3	 3	4	2	 3	7	10	4	 6	3	3	 6	 4	 0	0	0	0	0	0	0	0	 0	 0	0	2	4	 1	5	2	3	 7	3	4	 7	2	 3	10	 4	 6	0	0	0	#_25        
 1996	7	1	3	0	125	0	0	0	2	0	1	1	1	1	 4	6	3	 3	6	 9	2	 6	6	2	 1	 1	 4	0	0	0	0	0	0	0	 0	 0	4	3	1	 3	2	4	7	 6	3	6	 7	2	 2	13	 1	 0	2	0	0	#_26        
 1997	7	1	3	0	125	0	0	0	2	1	0	2	2	1	 5	3	4	 1	3	 3	2	 7	3	1	 9	10	 0	0	0	0	0	0	0	0	 0	 3	1	3	1	 4	4	5	7	 6	7	7	 3	3	 0	 7	 3	 2	0	0	0	#_27        
 1998	7	1	3	0	125	0	0	0	0	5	1	2	0	4	 1	0	3	 7	5	 3	8	 6	3	3	 2	 6	 0	3	0	0	0	0	0	0	 3	 0	0	1	1	 4	4	4	5	 6	4	4	 8	4	 2	 8	 5	 0	0	0	0	#_28        
 1999	7	1	3	0	125	0	0	0	0	1	0	0	3	1	 2	3	8	 6	6	 8	4	 4	2	1	 5	 2	 1	0	0	0	0	0	0	0	 0	 0	3	2	2	 7	3	5	3	10	3	6	 4	7	 5	 6	 1	 1	0	0	0	#_29        
 2000	7	1	3	0	125	0	0	0	0	0	3	2	0	3	 4	4	5	 4	2	 5	6	 7	4	5	 5	 5	 0	0	0	0	0	0	0	0	 0	 1	0	0	2	 2	0	0	3	 9	7	5	 5	5	10	 7	 2	 2	1	0	0	#_30        
 2001	7	1	3	0	125	0	0	0	0	0	1	0	0	2	 2	6	3	 6	3	 5	2	 7	7	2	 6	 7	 5	0	0	0	0	0	0	0	 0	 1	0	2	1	 1	1	7	2	 3	8	8	 5	5	 4	 5	 6	 2	0	0	0	#_31        
 1977	7	2	3	0	125	0	0	0	0	0	3	0	1	5	 3	8	2	 5	3	 7	3	 2	2	1	 6	 6	 8	0	0	0	0	0	0	0	 0	 0	6	1	0	 6	2	2	5	 3	3	4	 4	2	 0	12	 2	 4	4	0	0	#_32        
 1980	7	2	3	0	125	0	0	0	0	1	1	3	2	1	 0	5	3	 4	3	 5	3	 2	5	5	 5	 3	 7	1	1	0	0	0	0	0	 2	 0	0	0	0	 0	2	3	6	10	6	8	 3	2	 4	 6	 6	 3	4	0	0	#_33        
 1983	7	2	3	0	125	0	0	0	0	2	1	1	2	0	 4	6	2	 5	4	 5	3	 4	2	3	10	 4	 9	0	0	0	0	0	0	0	 0	 1	0	5	0	 1	0	7	3	 4	2	7	 3	5	 5	 4	11	 0	0	0	0	#_34        
 1986	7	2	3	0	125	0	0	0	0	3	0	1	2	4	 2	4	1	 5	2	 3	3	 3	3	3	 6	 9	 5	2	0	0	0	0	0	1	 0	 0	3	3	2	 6	6	5	4	 1	3	5	 6	4	 3	 4	 5	 3	0	0	0	#_35        
 1989	7	2	3	0	125	0	0	0	0	0	6	1	5	5	 7	5	3	 4	3	 8	5	 1	2	3	 5	 5	 2	0	0	0	0	0	0	0	 3	 0	1	6	2	 7	6	2	2	 4	3	2	 4	6	 0	 7	 0	 0	0	0	0	#_36        
 1992	7	2	3	0	125	0	0	0	0	0	8	2	3	3	 4	4	0	 2	1	10	5	 4	1	1	 6	 6	 0	0	0	0	0	0	0	0	 0	12	3	2	2	 1	4	4	4	 8	3	1	 4	4	 3	 3	 1	 6	0	0	0	#_37        
 1995	7	2	3	0	125	0	0	0	0	7	5	6	6	5	 5	6	0	 2	3	 5	3	 3	0	0	 6	 3	 4	0	0	0	0	0	0	0	10	 3	3	4	3	 8	2	3	4	 2	3	2	 1	2	 2	 2	 1	 1	0	0	0	#_38        
 1998	7	2	3	0	125	0	0	0	2	1	1	5	8	5	 5	4	4	 5	6	 2	7	 4	1	2	 2	 2	 1	0	0	0	0	0	0	0	 2	 2	3	3	2	12	3	6	3	 4	2	4	 1	0	 0	 6	 4	 1	0	0	0	#_39        
 2001	7	2	3	0	125	0	0	0	0	0	2	3	2	3	 5	3	5	 4	3	 5	2	 4	5	0	 6	 5	 0	0	0	0	0	0	0	0	 0	 0	1	5	7	 9	2	4	6	 5	3	6	 4	2	 4	 5	 5	 0	0	0	0	#_40        
-9999	0	0	0	0	  0	0	0	0	0	0	0	0	0	0	 0	0	0	 0	0	 0	0	 0	0	0	 0	 0	 0	0	0	0	0	0	0	0	 0	 0	0	0	0	 0	0	0	0	 0	0	0	 0	0	 0	 0	 0	 0	0	0	0	#_terminator
17 #_N_agebins
#
#_agebin_vector
1 2 3 4 5 6 7 8 9 10 11 12 13 14 15 20 25 #_agebin_vector
#
#_ageing_error
2 #_N_ageerror_definitions
#_age0	age1	age2	age3	age4	age5	age6	age7	age8	age9	age10	age11	age12	age13	age14	age15	age16	age17	age18	age19	age20	age21	age22	age23	age24	age25	age26	age27	age28	age29	age30	age31	age32	age33	age34	age35	age36	age37	age38	age39	age40
  0.5	  1.5	  2.5	  3.5	  4.5	  5.5	  6.5	  7.5	  8.5	  9.5	 10.5	 11.5	 12.5	 13.5	 14.5	 15.5	 16.5	 17.5	 18.5	 19.5	 20.5	 21.5	 22.5	 23.5	 24.5	 25.5	 26.5	 27.5	 28.5	 29.5	 30.5	 31.5	 32.5	 33.5	 34.5	 35.5	 36.5	 37.5	 38.5	 39.5	 40.5	#_1
0.001	0.001	0.001	0.001	0.001	0.001	0.001	0.001	0.001	0.001	0.001	0.001	0.001	0.001	0.001	0.001	0.001	0.001	0.001	0.001	0.001	0.001	0.001	0.001	0.001	0.001	0.001	0.001	0.001	0.001	0.001	0.001	0.001	0.001	0.001	0.001	0.001	0.001	0.001	0.001	0.001	#_2
  0.5	  1.5	  2.5	  3.5	  4.5	  5.5	  6.5	  7.5	  8.5	  9.5	 10.5	 11.5	 12.5	 13.5	 14.5	 15.5	 16.5	 17.5	 18.5	 19.5	 20.5	 21.5	 22.5	 23.5	 24.5	 25.5	 26.5	 27.5	 28.5	 29.5	 30.5	 31.5	 32.5	 33.5	 34.5	 35.5	 36.5	 37.5	 38.5	 39.5	 40.5	#_3
  0.5	 0.65	 0.67	  0.7	 0.73	 0.76	  0.8	 0.84	 0.88	 0.92	 0.97	 1.03	 1.09	 1.16	 1.23	 1.32	 1.41	 1.51	 1.62	 1.75	 1.89	 2.05	 2.23	 2.45	 2.71	    3	    3	    3	    3	    3	    3	    3	    3	    3	    3	    3	    3	    3	    3	    3	    3	#_4
#
#_age_info
#_mintailcomp	addtocomp	combine_M_F	CompressBins	CompError	ParmSelect	minsamplesize
0	1e-07	1	0	0	0	1	#_FISHERY1
0	1e-07	1	0	0	0	1	#_SURVEY1 
0	1e-07	1	0	0	0	1	#_SURVEY2 
1 #_Lbin_method: 1=poplenbins; 2=datalenbins; 3=lengths
 #_combine males into females at or below this bin number
#_Yr	Seas	FltSvy	Gender	Part	Ageerr	Lbin_lo	Lbin_hi	Nsamp	f1	f2	f3	f4	f5	f6	f7	f8	f9	f10	f11	f12	f13	f14	f15	f20	f25	m1	m2	m3	m4	m5	m6	m7	m8	m9	m10	m11	m12	m13	m14	m15	m20	m25
 1971	7	1	3	0	2	1	-1	75	0	 0	 0	 0	 9	1	4	2	3	1	1	2	2	 0	8	3	5	0	0	4	 1	 2	2	 1	3	1	2	0	2	1	1	 8	3	3	#_1         
 1972	7	1	3	0	2	1	-1	75	0	 1	 2	 1	 4	1	1	2	2	3	3	1	2	 1	4	5	4	0	0	2	 3	 1	4	 3	0	2	3	1	1	1	1	 9	3	4	#_2         
 1973	7	1	3	0	2	1	-1	75	0	 0	 0	 2	 1	3	2	2	1	1	1	2	0	 3	7	4	7	0	0	0	 1	 3	1	 1	3	1	2	2	4	2	3	 8	2	6	#_3         
 1974	7	1	3	0	2	1	-1	75	0	 0	 1	 2	 3	3	6	2	4	0	4	3	1	 3	4	1	8	0	0	3	 2	 2	1	 1	2	3	0	0	2	2	2	 5	1	4	#_4         
 1975	7	1	3	0	2	1	-1	75	0	 0	 2	 4	 2	1	2	0	4	3	5	2	0	 1	9	3	3	0	0	0	 0	 7	3	 3	2	0	1	1	5	1	1	 4	1	5	#_5         
 1976	7	1	3	0	2	1	-1	75	0	 0	 5	 1	 3	2	3	1	0	1	1	2	1	 1	8	3	7	0	0	0	 0	 6	2	 1	4	2	3	3	0	1	4	 3	7	0	#_6         
 1977	7	1	3	0	2	1	-1	75	0	 0	 0	 0	14	1	0	1	3	1	1	0	2	 3	2	4	8	0	0	2	 4	 3	2	 0	2	2	0	2	1	2	0	 2	4	9	#_7         
 1978	7	1	3	0	2	1	-1	75	0	 0	 1	 3	 2	1	2	2	3	3	0	1	1	 3	1	3	5	0	0	0	 6	 4	2	 2	1	1	1	2	1	2	1	 8	7	6	#_8         
 1979	7	1	3	0	2	1	-1	75	0	 1	 1	 0	 1	3	3	1	3	1	3	0	3	 2	6	8	0	0	0	1	 1	 2	3	 3	2	2	2	3	3	1	1	 7	2	6	#_9         
 1980	7	1	3	0	2	1	-1	75	0	 3	 0	 0	 5	4	2	2	3	0	2	2	0	 0	3	6	0	0	0	0	 1	 2	3	 0	3	1	1	3	1	3	0	12	5	8	#_10        
 1981	7	1	3	0	2	1	-1	75	0	 1	 0	 0	 2	2	7	1	2	1	1	2	2	 3	4	1	2	0	0	1	 1	 1	5	 6	7	1	0	1	2	4	1	 4	3	7	#_11        
 1982	7	1	3	0	2	1	-1	75	0	 2	 1	 3	 1	0	5	5	6	2	1	3	2	 0	6	1	4	0	0	0	 0	 3	1	 1	5	3	1	2	0	2	1	 6	8	0	#_12        
 1983	7	1	3	0	2	1	-1	75	0	 0	 0	 0	 2	1	1	1	5	4	7	2	0	 1	5	5	2	0	0	1	 2	 2	3	 3	7	3	5	6	0	0	1	 2	0	4	#_13        
 1984	7	1	3	0	2	1	-1	75	0	 0	 0	 4	 2	1	0	0	2	7	3	1	2	 1	3	2	6	0	0	3	 1	 0	2	 2	2	2	3	3	1	3	0	 8	5	6	#_14        
 1985	7	1	3	0	2	1	-1	75	0	 0	 0	 4	 2	1	1	2	0	3	5	5	0	 2	7	2	1	0	0	0	 3	 6	2	 1	0	0	5	5	6	1	2	 1	5	3	#_15        
 1986	7	1	3	0	2	1	-1	75	0	 2	 0	 3	 2	3	1	4	1	1	1	2	3	 2	7	3	3	0	0	0	 0	 6	2	 3	2	0	2	1	2	2	3	 9	5	0	#_16        
 1987	7	1	3	0	2	1	-1	75	0	 1	 2	 2	 5	1	5	2	2	0	1	1	4	 3	3	5	0	0	0	4	 1	 0	6	 5	1	1	1	2	0	3	5	 4	1	4	#_17        
 1988	7	1	3	0	2	1	-1	75	1	 1	 1	 1	 4	3	8	5	3	2	0	1	1	 3	1	7	0	0	2	4	 2	 0	2	 1	1	1	2	0	1	1	2	10	4	0	#_18        
 1989	7	1	3	0	2	1	-1	75	0	 3	 0	 4	 2	4	4	6	3	3	1	2	1	 0	6	3	0	0	0	1	 4	 4	0	 3	2	4	0	4	1	1	0	 6	3	0	#_19        
 1990	7	1	3	0	2	1	-1	75	0	 0	 5	 2	 3	4	3	2	2	3	2	0	0	 1	5	2	0	0	1	2	 1	 4	5	 2	2	5	5	3	0	1	2	 5	3	0	#_20        
 1991	7	1	3	0	2	1	-1	75	0	 0	 7	 3	 5	2	3	4	4	6	3	1	1	 0	4	4	0	0	4	1	 3	 1	1	 4	5	1	1	3	1	0	2	 0	1	0	#_21        
 1992	7	1	3	0	2	1	-1	75	0	 0	 5	 4	 5	3	3	2	2	3	1	2	0	 0	2	0	2	0	0	4	 5	 3	6	 2	3	3	3	3	0	0	0	 6	3	0	#_22        
 1993	7	1	3	0	2	1	-1	75	0	 0	 5	 4	 4	1	2	2	2	1	3	3	1	 5	0	0	0	0	0	7	 2	 3	6	 3	2	4	1	3	3	4	1	 3	0	0	#_23        
 1994	7	1	3	0	2	1	-1	75	0	 0	15	 2	 0	4	2	6	1	1	1	2	0	 1	1	0	1	0	0	0	10	 4	6	 4	4	1	0	2	0	7	0	 0	0	0	#_24        
 1995	7	1	3	0	2	1	-1	75	3	 3	 3	 4	 6	6	2	2	7	1	2	1	1	 2	0	0	0	0	0	0	 9	 5	3	 4	2	3	0	1	1	0	0	 2	2	0	#_25        
 1996	7	1	3	0	2	1	-1	75	0	 0	10	 3	 0	6	3	4	3	2	1	2	1	 2	1	1	0	0	2	2	 7	 6	4	 8	0	1	1	3	1	0	0	 1	0	0	#_26        
 1997	7	1	3	0	2	1	-1	75	0	 3	 6	 7	 3	3	6	4	4	1	1	0	0	 0	4	0	0	0	0	0	 7	 4	7	 2	1	3	1	1	1	2	4	 0	0	0	#_27        
 1998	7	1	3	0	2	1	-1	75	2	 3	 2	 6	10	5	5	4	2	1	0	0	0	 0	3	0	0	0	0	1	 6	10	2	 2	3	1	1	1	3	0	0	 0	2	0	#_28        
 1999	7	1	3	0	2	1	-1	75	4	 1	 5	 1	 2	4	1	9	5	1	2	2	0	 0	0	0	0	0	3	7	 1	 5	8	 1	3	2	3	0	1	0	0	 4	0	0	#_29        
 2000	7	1	3	0	2	1	-1	75	0	 2	 2	 3	 1	5	5	4	5	3	3	2	0	 0	2	0	0	0	0	4	 6	 2	5	11	1	2	2	2	1	0	1	 1	0	0	#_30        
 2001	7	1	3	0	2	1	-1	75	0	 2	 5	 2	 4	8	7	3	4	1	3	0	0	 0	1	0	0	0	0	3	 1	 1	5	 4	9	4	3	3	0	0	1	 1	0	0	#_31        
 1977	7	2	3	0	2	1	-1	75	0	 3	 6	 8	 0	2	2	1	1	1	2	1	1	 1	2	5	0	0	2	5	 9	 3	2	 0	6	0	1	3	1	0	1	 3	3	0	#_32        
 1980	7	2	3	0	2	1	-1	75	4	 3	 3	 2	 4	1	3	3	0	3	3	0	1	 0	3	0	3	0	2	3	 3	 4	4	 4	2	1	2	0	0	2	2	 6	1	3	#_33        
 1983	7	2	3	0	2	1	-1	75	2	 2	 5	 2	 3	2	1	1	2	2	0	0	2	 1	4	4	0	0	4	2	 4	 0	2	 1	5	6	4	2	4	0	0	 1	3	4	#_34        
 1986	7	2	3	0	2	1	-1	75	5	 3	 4	 5	 0	3	1	1	0	0	1	1	1	 2	5	3	4	0	0	5	 6	 5	5	 0	0	1	1	2	2	1	2	 3	3	0	#_35        
 1989	7	2	3	0	2	1	-1	75	4	 5	 2	 7	 2	4	1	0	2	1	0	1	0	10	0	0	0	0	2	6	 3	 3	6	 2	2	1	0	2	2	7	0	 0	0	0	#_36        
 1992	7	2	3	0	2	1	-1	75	7	 3	 1	 5	 5	1	5	3	2	3	1	0	0	 0	0	0	0	0	2	5	 5	 5	7	 1	2	3	2	1	3	1	0	 2	0	0	#_37        
 1995	7	2	3	0	2	1	-1	75	0	10	 5	11	 5	3	3	1	1	3	2	1	0	 0	2	0	0	0	4	8	 5	 2	3	 2	2	0	0	1	0	0	1	 0	0	0	#_38        
 1998	7	2	3	0	2	1	-1	75	3	 2	 5	 7	 4	5	3	3	2	0	2	1	0	 1	0	0	0	0	2	6	 7	 7	7	 5	0	1	1	0	0	1	0	 0	0	0	#_39        
 2001	7	2	3	0	2	1	-1	75	1	 3	 3	 7	 6	4	3	2	3	1	1	1	0	 1	1	0	0	0	2	6	 3	 6	2	 6	4	5	2	0	1	0	0	 1	0	0	#_40        
-9999	0	0	0	0	0	0	 0	 0	0	 0	 0	 0	 0	0	0	0	0	0	0	0	0	 0	0	0	0	0	0	0	 0	 0	0	 0	0	0	0	0	0	0	0	 0	0	0	#_terminator
#
#_MeanSize_at_Age_obs
1 #_use_MeanSize_at_Age_obs
#_Yr	Seas	FltSvy	Gender	Part	AgeErr	Ignore	f1	f2	f3	f4	f5	f6	f7	f8	f9	f10	f11	f12	f13	f14	f15	f20	f25	m1	m2	m3	m4	m5	m6	m7	m8	m9	m10	m11	m12	m13	m14	m15	m20	m25	N_f1	N_f2	N_f3	N_f4	N_f5	N_f6	N_f7	N_f8	N_f9	N_f10	N_f11	N_f12	N_f13	N_f14	N_f15	N_f20	N_f25	N_m1	N_m2	N_m3	N_m4	N_m5	N_m6	N_m7	N_m8	N_m9	N_m10	N_m11	N_m12	N_m13	N_m14	N_m15	N_m20	N_m25
1971 	7	1	3	0	1	2	31.7591	38.8853	43.4961	47.9359	51.2355	53.5775	57.904 	58.084 	62.292 	63.6616	66.0657	64.679 	68.824 	68.5541	69.6778	71.3948	72.9659	31.4598	38.6162	46.149 	49.4317	50.769 	57.1652	56.4719	59.194 	62.1707	64.0012	66.6923	65.6789	64.8089	66.4695	68.4429	71.4598	72.5115	20	20	20	20	20	20	20	20	20	20	20	20	20	20	20	20	20	20	20	20	20	20	20	20	20	20	20	20	20	20	20	20	20	20	#_1         
1995 	7	1	3	0	1	2	33.625 	39.3625	42.2232	48.7639	51.1301	58.009 	56.7207	59.255 	59.3138	60.3285	63.9163	67.4288	68.4434	66.3848	68.7242	72.5197	74.4107	33.2141	41.093 	47.1565	49.2569	50.5244	54.5688	58.5059	61.1787	61.7021	62.066 	61.8432	65.5571	63.9159	66.779 	68.8268	70.0089	69.4477	20	20	20	20	20	20	20	20	20	20	20	20	20	20	20	20	20	20	20	20	20	20	20	20	20	20	20	20	20	20	20	20	20	20	#_2         
1971 	7	2	3	0	1	2	33.687 	39.6211	43.3062	45.9854	51.1352	52.4044	56.0969	56.8609	59.1716	62.0555	65.5061	67.2878	66.7838	65.2193	68.9625	72.7328	70.9232	35.1358	41.1411	43.5319	48.0158	51.7512	54.156 	56.7925	57.2289	60.4441	62.462 	66.2697	65.9132	63.8238	67.2486	69.4395	66.7757	70.8746	20	20	20	20	20	20	20	20	20	20	20	20	20	20	20	20	20	20	20	20	20	20	20	20	20	20	20	20	20	20	20	20	20	20	#_3         
1995 	7	2	3	0	1	2	34.4923	40.1443	43.0672	47.6836	50.143 	53.8115	53.9804	60.9621	59.3987	59.9432	61.9557	65.1409	65.6719	67.2443	67.4628	69.5059	74.2635	35.2111	39.416 	44.0581	48.0569	50.5111	55.4738	55.0433	59.1239	62.2833	64.2202	64.0641	66.1379	63.5798	62.3158	68.84  	68.4798	70.0723	20	20	20	20	20	20	20	20	20	20	20	20	20	20	20	20	20	20	20	20	20	20	20	20	20	20	20	20	20	20	20	20	20	20	#_4         
-9999	0	0	0	0	0	0	0      	0      	0      	0      	0      	0      	0      	0      	0      	0      	0      	0      	0      	0      	0      	0      	0      	0      	0      	0      	0      	0      	0      	0      	0      	0      	0      	0      	0      	0      	0      	0      	0      	0      	0 	0 	0 	0 	0 	0 	0 	0 	0 	0 	0 	0 	0 	0 	0 	0 	0 	0 	0 	0 	0 	0 	0 	0 	0 	0 	0 	0 	0 	0 	0 	0 	0 	0 	#_terminator
0 #_N_environ_variables
0 #_N_sizefreq_methods
0 #_do_tags
0 #_morphcomp_data
0 #_use_selectivity_priors
#
999
