#V3.30
#C data file created using the SS_writedat function in the R package r4ss
#C should work with SS version:
#C file write time: 2020-01-23 16:14:32
#
1950 #_styr
2017 #_endyr
1 #_nseas
12 #_months_per_seas
2 #_Nsubseasons
1 #_spawn_month
1 #_Nsexes
14 #_Nages
1 #_N_areas
9 #_Nfleets
#_fleetinfo
#_type	surveytiming	area	units	need_catch_mult	fleetname
1	-1	1	1	0	CM_E   	#_1
1	-1	1	1	0	CM_W   	#_2
1	-1	1	2	0	REC    	#_3
2	-1	1	2	0	SMP_BYC	#_4
3	 1	1	1	0	HB_E   	#_5
3	 1	1	1	0	HB_W   	#_6
3	 1	1	1	0	LARVAL 	#_7
3	 1	1	1	0	VIDEO  	#_8
3	 1	1	1	0	SEAMAP 	#_9
#Bycatch_fleet_input
#_fleetindex	includeinMSY	Fmult	F_or_first_year	F_or_last_year	unused
4	1	3	2011	2014	999	#_4
#_Catch data
#_year	season	fleet	catch	catch_se
 -999	1	1	       0	0.01	#_1         
 1950	1	1	 1.01926	0.05	#_2         
 1951	1	1	 2.09102	0.05	#_3         
 1952	1	1	 2.88896	0.05	#_4         
 1953	1	1	 3.70451	0.05	#_5         
 1954	1	1	 4.97441	0.05	#_6         
 1955	1	1	 5.96297	0.05	#_7         
 1956	1	1	 6.66751	0.05	#_8         
 1957	1	1	 7.69587	0.05	#_9         
 1958	1	1	 8.88184	0.05	#_10        
 1959	1	1	 9.58278	0.05	#_11        
 1960	1	1	 11.2586	0.05	#_12        
 1961	1	1	 12.4783	0.05	#_13        
 1962	1	1	 13.8545	0.05	#_14        
 1963	1	1	 15.3134	0.05	#_15        
 1964	1	1	 14.7254	0.05	#_16        
 1965	1	1	 16.5366	0.05	#_17        
 1966	1	1	 8.47817	0.05	#_18        
 1967	1	1	   15.11	0.05	#_19        
 1968	1	1	 31.2826	0.05	#_20        
 1969	1	1	 39.2181	0.05	#_21        
 1970	1	1	 36.7488	0.05	#_22        
 1971	1	1	 39.2905	0.05	#_23        
 1972	1	1	  32.868	0.05	#_24        
 1973	1	1	 58.0347	0.05	#_25        
 1974	1	1	 57.2014	0.05	#_26        
 1975	1	1	 118.634	0.05	#_27        
 1976	1	1	 111.475	0.05	#_28        
 1977	1	1	 160.151	0.05	#_29        
 1978	1	1	 129.151	0.05	#_30        
 1979	1	1	 103.435	0.05	#_31        
 1980	1	1	 74.6499	0.05	#_32        
 1981	1	1	 107.088	0.05	#_33        
 1982	1	1	 116.926	0.05	#_34        
 1983	1	1	 185.281	0.05	#_35        
 1984	1	1	 246.554	0.05	#_36        
 1985	1	1	 332.306	0.05	#_37        
 1986	1	1	 293.821	0.05	#_38        
 1987	1	1	 245.152	0.05	#_39        
 1988	1	1	 224.535	0.05	#_40        
 1989	1	1	 212.496	0.05	#_41        
 1990	1	1	 492.681	0.05	#_42        
 1991	1	1	 429.998	0.05	#_43        
 1992	1	1	 538.554	0.05	#_44        
 1993	1	1	  693.83	0.05	#_45        
 1994	1	1	 776.441	0.05	#_46        
 1995	1	1	 704.242	0.05	#_47        
 1996	1	1	 492.788	0.05	#_48        
 1997	1	1	  470.59	0.05	#_49        
 1998	1	1	 357.585	0.05	#_50        
 1999	1	1	 373.255	0.05	#_51        
 2000	1	1	 321.377	0.05	#_52        
 2001	1	1	 337.649	0.05	#_53        
 2002	1	1	  444.71	0.05	#_54        
 2003	1	1	 500.678	0.05	#_55        
 2004	1	1	 426.204	0.05	#_56        
 2005	1	1	 453.449	0.05	#_57        
 2006	1	1	 502.937	0.05	#_58        
 2007	1	1	 537.329	0.05	#_59        
 2008	1	1	 869.543	0.05	#_60        
 2009	1	1	 1200.27	0.05	#_61        
 2010	1	1	 620.769	0.05	#_62        
 2011	1	1	  1050.5	0.05	#_63        
 2012	1	1	 689.725	0.05	#_64        
 2013	1	1	 446.615	0.05	#_65        
 2014	1	1	 470.261	0.05	#_66        
 2015	1	1	 293.982	0.05	#_67        
 2016	1	1	 397.313	0.05	#_68        
 2017	1	1	 439.444	0.05	#_69        
 -999	1	2	       0	0.01	#_70        
 1950	1	2	0.715638	0.05	#_71        
 1951	1	2	 1.40974	0.05	#_72        
 1952	1	2	 2.28772	0.05	#_73        
 1953	1	2	 2.66835	0.05	#_74        
 1954	1	2	  3.5297	0.05	#_75        
 1955	1	2	 4.17916	0.05	#_76        
 1956	1	2	 5.08562	0.05	#_77        
 1957	1	2	 5.37786	0.05	#_78        
 1958	1	2	 6.17748	0.05	#_79        
 1959	1	2	  7.6073	0.05	#_80        
 1960	1	2	 7.68588	0.05	#_81        
 1961	1	2	 8.59567	0.05	#_82        
 1962	1	2	 9.36758	0.05	#_83        
 1963	1	2	 10.2239	0.05	#_84        
 1964	1	2	 10.0821	0.05	#_85        
 1965	1	2	 9.33327	0.05	#_86        
 1966	1	2	 3.03121	0.05	#_87        
 1967	1	2	 7.17595	0.05	#_88        
 1968	1	2	 21.9474	0.05	#_89        
 1969	1	2	 11.3945	0.05	#_90        
 1970	1	2	 21.3451	0.05	#_91        
 1971	1	2	 21.5962	0.05	#_92        
 1972	1	2	 21.0709	0.05	#_93        
 1973	1	2	 26.0716	0.05	#_94        
 1974	1	2	  28.667	0.05	#_95        
 1975	1	2	   48.95	0.05	#_96        
 1976	1	2	 27.4764	0.05	#_97        
 1977	1	2	 85.2521	0.05	#_98        
 1978	1	2	  73.539	0.05	#_99        
 1979	1	2	  100.97	0.05	#_100       
 1980	1	2	 65.9551	0.05	#_101       
 1981	1	2	 55.3454	0.05	#_102       
 1982	1	2	 67.8536	0.05	#_103       
 1983	1	2	 75.4864	0.05	#_104       
 1984	1	2	 380.589	0.05	#_105       
 1985	1	2	 330.691	0.05	#_106       
 1986	1	2	 410.533	0.05	#_107       
 1987	1	2	 471.193	0.05	#_108       
 1988	1	2	 426.374	0.05	#_109       
 1989	1	2	 494.651	0.05	#_110       
 1990	1	2	 424.515	0.05	#_111       
 1991	1	2	 345.557	0.05	#_112       
 1992	1	2	 467.945	0.05	#_113       
 1993	1	2	 429.271	0.05	#_114       
 1994	1	2	 496.277	0.05	#_115       
 1995	1	2	 285.749	0.05	#_116       
 1996	1	2	 282.559	0.05	#_117       
 1997	1	2	 481.254	0.05	#_118       
 1998	1	2	  410.33	0.05	#_119       
 1999	1	2	 501.973	0.05	#_120       
 2000	1	2	 335.961	0.05	#_121       
 2001	1	2	 385.662	0.05	#_122       
 2002	1	2	  450.55	0.05	#_123       
 2003	1	2	 557.141	0.05	#_124       
 2004	1	2	 588.367	0.05	#_125       
 2005	1	2	 404.197	0.05	#_126       
 2006	1	2	 298.685	0.05	#_127       
 2007	1	2	 590.022	0.05	#_128       
 2008	1	2	  467.26	0.05	#_129       
 2009	1	2	 438.831	0.05	#_130       
 2010	1	2	 380.184	0.05	#_131       
 2011	1	2	 316.431	0.05	#_132       
 2012	1	2	 369.078	0.05	#_133       
 2013	1	2	  196.67	0.05	#_134       
 2014	1	2	 306.862	0.05	#_135       
 2015	1	2	 301.228	0.05	#_136       
 2016	1	2	 356.978	0.05	#_137       
 2017	1	2	 310.574	0.05	#_138       
 -999	1	3	       0	0.01	#_139       
 1950	1	3	 7.14534	0.15	#_140       
 1951	1	3	  16.205	0.15	#_141       
 1952	1	3	 22.5615	0.15	#_142       
 1953	1	3	 47.6947	0.15	#_143       
 1954	1	3	 39.3479	0.15	#_144       
 1955	1	3	 66.9643	0.15	#_145       
 1956	1	3	 63.6462	0.15	#_146       
 1957	1	3	 87.1155	0.15	#_147       
 1958	1	3	  73.983	0.15	#_148       
 1959	1	3	 94.7332	0.15	#_149       
 1960	1	3	 110.548	0.15	#_150       
 1961	1	3	 102.364	0.15	#_151       
 1962	1	3	 108.859	0.15	#_152       
 1963	1	3	 163.086	0.15	#_153       
 1964	1	3	 121.238	0.15	#_154       
 1965	1	3	 171.064	0.15	#_155       
 1966	1	3	 246.263	0.15	#_156       
 1967	1	3	 201.937	0.15	#_157       
 1968	1	3	  200.92	0.15	#_158       
 1969	1	3	 236.563	0.15	#_159       
 1970	1	3	 184.308	0.15	#_160       
 1971	1	3	  233.85	0.15	#_161       
 1972	1	3	 209.502	0.15	#_162       
 1973	1	3	 223.548	0.15	#_163       
 1974	1	3	 273.998	0.15	#_164       
 1975	1	3	 221.244	0.15	#_165       
 1976	1	3	 313.179	0.15	#_166       
 1977	1	3	 230.766	0.15	#_167       
 1978	1	3	 271.221	0.15	#_168       
 1979	1	3	 290.888	0.15	#_169       
 1980	1	3	 278.609	0.15	#_170       
 1981	1	3	 354.424	0.15	#_171       
 1982	1	3	 704.056	0.15	#_172       
 1983	1	3	 267.405	0.15	#_173       
 1984	1	3	 473.813	0.15	#_174       
 1985	1	3	 861.967	0.15	#_175       
 1986	1	3	 940.285	0.15	#_176       
 1987	1	3	 1223.91	0.15	#_177       
 1988	1	3	 1856.85	0.15	#_178       
 1989	1	3	 1358.43	0.15	#_179       
 1990	1	3	 1234.34	0.15	#_180       
 1991	1	3	 1493.87	0.15	#_181       
 1992	1	3	 2016.35	0.15	#_182       
 1993	1	3	 1529.68	0.15	#_183       
 1994	1	3	 1232.34	0.15	#_184       
 1995	1	3	 1713.28	0.15	#_185       
 1996	1	3	 514.695	0.15	#_186       
 1997	1	3	 699.888	0.15	#_187       
 1998	1	3	 338.434	0.15	#_188       
 1999	1	3	 575.925	0.15	#_189       
 2000	1	3	 360.097	0.15	#_190       
 2001	1	3	 949.359	0.15	#_191       
 2002	1	3	 997.873	0.15	#_192       
 2003	1	3	 1057.74	0.15	#_193       
 2004	1	3	  931.07	0.15	#_194       
 2005	1	3	 983.132	0.15	#_195       
 2006	1	3	 792.118	0.15	#_196       
 2007	1	3	  684.23	0.15	#_197       
 2008	1	3	 874.534	0.15	#_198       
 2009	1	3	 1250.73	0.15	#_199       
 2010	1	3	 821.284	0.15	#_200       
 2011	1	3	 1726.28	0.15	#_201       
 2012	1	3	  725.74	0.15	#_202       
 2013	1	3	 1622.24	0.15	#_203       
 2014	1	3	 1423.54	0.15	#_204       
 2015	1	3	 1679.69	0.15	#_205       
 2016	1	3	 2227.09	0.15	#_206       
 2017	1	3	  2091.3	0.15	#_207       
 -999	1	4	       0	0.01	#_208       
 1950	1	4	     0.1	 0.1	#_209       
 1951	1	4	     0.1	 0.1	#_210       
 1952	1	4	     0.1	 0.1	#_211       
 1953	1	4	     0.1	 0.1	#_212       
 1954	1	4	     0.1	 0.1	#_213       
 1955	1	4	     0.1	 0.1	#_214       
 1956	1	4	     0.1	 0.1	#_215       
 1957	1	4	     0.1	 0.1	#_216       
 1958	1	4	     0.1	 0.1	#_217       
 1959	1	4	     0.1	 0.1	#_218       
 1960	1	4	     0.1	 0.1	#_219       
 1961	1	4	     0.1	 0.1	#_220       
 1962	1	4	     0.1	 0.1	#_221       
 1963	1	4	     0.1	 0.1	#_222       
 1964	1	4	     0.1	 0.1	#_223       
 1965	1	4	     0.1	 0.1	#_224       
 1966	1	4	     0.1	 0.1	#_225       
 1967	1	4	     0.1	 0.1	#_226       
 1968	1	4	     0.1	 0.1	#_227       
 1969	1	4	     0.1	 0.1	#_228       
 1970	1	4	     0.1	 0.1	#_229       
 1971	1	4	     0.1	 0.1	#_230       
 1972	1	4	     0.1	 0.1	#_231       
 1973	1	4	     0.1	 0.1	#_232       
 1974	1	4	     0.1	 0.1	#_233       
 1975	1	4	     0.1	 0.1	#_234       
 1976	1	4	     0.1	 0.1	#_235       
 1977	1	4	     0.1	 0.1	#_236       
 1978	1	4	     0.1	 0.1	#_237       
 1979	1	4	     0.1	 0.1	#_238       
 1980	1	4	     0.1	 0.1	#_239       
 1981	1	4	     0.1	 0.1	#_240       
 1982	1	4	     0.1	 0.1	#_241       
 1983	1	4	     0.1	 0.1	#_242       
 1984	1	4	     0.1	 0.1	#_243       
 1985	1	4	     0.1	 0.1	#_244       
 1986	1	4	     0.1	 0.1	#_245       
 1987	1	4	     0.1	 0.1	#_246       
 1988	1	4	     0.1	 0.1	#_247       
 1989	1	4	     0.1	 0.1	#_248       
 1990	1	4	     0.1	 0.1	#_249       
 1991	1	4	     0.1	 0.1	#_250       
 1992	1	4	     0.1	 0.1	#_251       
 1993	1	4	     0.1	 0.1	#_252       
 1994	1	4	     0.1	 0.1	#_253       
 1995	1	4	     0.1	 0.1	#_254       
 1996	1	4	     0.1	 0.1	#_255       
 1997	1	4	     0.1	 0.1	#_256       
 1998	1	4	     0.1	 0.1	#_257       
 1999	1	4	     0.1	 0.1	#_258       
 2000	1	4	     0.1	 0.1	#_259       
 2001	1	4	     0.1	 0.1	#_260       
 2002	1	4	     0.1	 0.1	#_261       
 2003	1	4	     0.1	 0.1	#_262       
 2004	1	4	     0.1	 0.1	#_263       
 2005	1	4	     0.1	 0.1	#_264       
 2006	1	4	     0.1	 0.1	#_265       
 2007	1	4	     0.1	 0.1	#_266       
 2008	1	4	     0.1	 0.1	#_267       
 2009	1	4	     0.1	 0.1	#_268       
 2010	1	4	     0.1	 0.1	#_269       
 2011	1	4	     0.1	 0.1	#_270       
 2012	1	4	     0.1	 0.1	#_271       
 2013	1	4	     0.1	 0.1	#_272       
 2014	1	4	     0.1	 0.1	#_273       
 2015	1	4	     0.1	 0.1	#_274       
 2016	1	4	     0.1	 0.1	#_275       
 2017	1	4	     0.1	 0.1	#_276       
-9999	0	0	       0	   0	#_terminator
#_CPUE_and_surveyabundance_observations
#_Units:  0=numbers; 1=biomass; 2=F; >=30 for special types
#_Errtype:  -1=normal; 0=lognormal; >0=T
#_SD_Report: 0=no sdreport; 1=enable sdreport
#_Fleet	Units	Errtype	SD_Report
1	 1	0	0	#_CM_E   
2	 1	0	0	#_CM_W   
3	 0	0	0	#_REC    
4	 2	0	0	#_SMP_BYC
5	 0	0	0	#_HB_E   
6	 0	0	0	#_HB_W   
7	30	0	0	#_LARVAL 
8	 0	0	0	#_VIDEO  
9	 0	0	0	#_SEAMAP 
#
#_CPUE_data
#_year	seas	index	obs	se_log
 1993	7	1	   1.0089	   0.224	#_1         
 1994	7	1	   1.1457	  0.1921	#_2         
 1995	7	1	 0.982361	  0.2148	#_3         
 1996	7	1	 0.756598	  0.1909	#_4         
 1997	7	1	  0.73578	  0.2007	#_5         
 1998	7	1	 0.758173	  0.2021	#_6         
 1999	7	1	 0.669015	  0.1857	#_7         
 2000	7	1	  1.36788	   0.217	#_8         
 2001	7	1	  1.22706	  0.2045	#_9         
 2002	7	1	  1.12222	  0.1891	#_10        
 2003	7	1	  1.27867	  0.1817	#_11        
 2004	7	1	 0.924741	  0.1945	#_12        
 2005	7	1	 0.655681	  0.1913	#_13        
 2006	7	1	  1.33084	  0.2117	#_14        
 1993	7	2	  1.41649	  0.2946	#_15        
 1994	7	2	 0.915824	  0.2421	#_16        
 1995	7	2	  1.14833	  0.2502	#_17        
 1996	7	2	 0.911149	  0.2158	#_18        
 1997	7	2	 0.919343	  0.1657	#_19        
 1998	7	2	  1.04174	  0.1853	#_20        
 1999	7	2	  1.06602	  0.1597	#_21        
 2000	7	2	 0.749542	  0.1912	#_22        
 2001	7	2	 0.852766	  0.2006	#_23        
 2002	7	2	  1.06344	  0.1743	#_24        
 2003	7	2	  1.17394	  0.1571	#_25        
 2004	7	2	  1.57871	  0.1548	#_26        
 2005	7	2	 0.725462	  0.1823	#_27        
 2006	7	2	   1.0685	  0.2263	#_28        
 1986	7	3	  1.38174	  0.1343	#_29        
 1987	7	3	 0.951439	  0.2402	#_30        
 1988	7	3	  1.96026	  0.2702	#_31        
 1989	7	3	 0.988678	  0.3298	#_32        
 1990	7	3	 0.978368	  0.2462	#_33        
 1991	7	3	  1.28558	  0.1803	#_34        
 1992	7	3	  1.18904	  0.1364	#_35        
 1993	7	3	  1.06087	  0.1698	#_36        
 1994	7	3	   1.0944	  0.2315	#_37        
 1995	7	3	  1.39836	  0.2322	#_38        
 1996	7	3	  1.15347	  0.3018	#_39        
 1997	7	3	 0.689619	    0.22	#_40        
 1998	7	3	 0.765404	  0.1982	#_41        
 1999	7	3	 0.804611	  0.1405	#_42        
 2000	7	3	  1.24613	  0.2133	#_43        
 2001	7	3	 0.898628	  0.2051	#_44        
 2002	7	3	 0.934977	  0.2023	#_45        
 2003	7	3	  1.20024	  0.1792	#_46        
 2004	7	3	 0.848817	   0.144	#_47        
 2005	7	3	  0.49806	  0.1656	#_48        
 2006	7	3	 0.538259	  0.1823	#_49        
 2007	7	3	 0.588657	  0.2114	#_50        
 2008	7	3	 0.621372	  0.2243	#_51        
 2009	7	3	 0.542662	   0.225	#_52        
 2010	7	3	 0.452635	  0.2406	#_53        
 2011	7	3	 0.425235	  0.1556	#_54        
 2012	7	3	 0.660071	   0.185	#_55        
 2013	7	3	 0.404006	   0.213	#_56        
 2014	7	3	 0.560135	  0.1501	#_57        
 2015	7	3	 0.832254	   0.156	#_58        
 2016	7	3	 0.709239	  0.1563	#_59        
 2017	7	3	 0.552953	  0.1595	#_60        
 1950	7	4	0.0469525	     0.2	#_61        
 1951	7	4	 0.053385	     0.2	#_62        
 1952	7	4	0.0415578	     0.2	#_63        
 1953	7	4	0.0411772	     0.2	#_64        
 1954	7	4	0.0501512	     0.2	#_65        
 1955	7	4	0.0462122	     0.2	#_66        
 1956	7	4	0.0662961	     0.2	#_67        
 1957	7	4	0.0312756	     0.2	#_68        
 1958	7	4	0.0362238	     0.2	#_69        
 1959	7	4	0.0466581	     0.2	#_70        
 1960	7	4	0.0483236	     0.2	#_71        
 1961	7	4	0.0304792	     0.2	#_72        
 1962	7	4	0.0392228	     0.2	#_73        
 1963	7	4	0.0340898	     0.2	#_74        
 1964	7	4	0.0395139	     0.2	#_75        
 1965	7	4	0.0601234	     0.2	#_76        
 1966	7	4	0.0332504	     0.2	#_77        
 1967	7	4	0.0336273	     0.2	#_78        
 1968	7	4	0.0288147	     0.2	#_79        
 1969	7	4	 0.036341	     0.2	#_80        
 1970	7	4	0.0280347	     0.2	#_81        
 1971	7	4	0.0384927	     0.2	#_82        
 1972	7	4	0.0271937	     0.2	#_83        
 1973	7	4	0.0365099	     0.2	#_84        
 1974	7	4	0.0391719	     0.2	#_85        
 1975	7	4	 0.031728	     0.2	#_86        
 1976	7	4	0.0485706	     0.2	#_87        
 1977	7	4	0.0463896	     0.2	#_88        
 1978	7	4	0.0320066	     0.2	#_89        
 1979	7	4	0.0490345	     0.2	#_90        
 1980	7	4	 0.041699	     0.2	#_91        
 1981	7	4	0.0315043	     0.2	#_92        
 1982	7	4	0.0417352	     0.2	#_93        
 1983	7	4	0.0307925	     0.2	#_94        
 1984	7	4	0.0472773	     0.2	#_95        
 1985	7	4	0.0303601	     0.2	#_96        
 1986	7	4	0.0225805	     0.2	#_97        
 1987	7	4	0.0516312	     0.2	#_98        
 1988	7	4	0.0446344	     0.2	#_99        
 1989	7	4	0.0392943	     0.2	#_100       
 1990	7	4	 0.035245	     0.2	#_101       
 1991	7	4	0.0396944	     0.2	#_102       
 1992	7	4	  0.04442	     0.2	#_103       
 1993	7	4	0.0308423	     0.2	#_104       
 1994	7	4	0.0338178	     0.2	#_105       
 1995	7	4	 0.043605	     0.2	#_106       
 1996	7	4	0.0310508	     0.2	#_107       
 1997	7	4	0.0526649	     0.2	#_108       
 1998	7	4	0.0391884	     0.2	#_109       
 1999	7	4	0.0395449	     0.2	#_110       
 2000	7	4	0.0300557	     0.2	#_111       
 2001	7	4	0.0530814	     0.2	#_112       
 2002	7	4	0.0262392	     0.2	#_113       
 2003	7	4	0.0358583	     0.2	#_114       
 2004	7	4	0.0566784	     0.2	#_115       
 2005	7	4	0.0412261	     0.2	#_116       
 2006	7	4	0.0340722	     0.2	#_117       
 2007	7	4	 0.047428	     0.2	#_118       
 2008	7	4	0.0338391	     0.2	#_119       
 2009	7	4	 0.036566	     0.2	#_120       
 2010	7	4	0.0483809	     0.2	#_121       
 2011	7	4	0.0304977	     0.2	#_122       
 2012	7	4	0.0440992	     0.2	#_123       
 2013	7	4	0.0278689	     0.2	#_124       
 2014	7	4	0.0518984	     0.2	#_125       
 2015	7	4	0.0394358	     0.2	#_126       
 2016	7	4	0.0360665	     0.2	#_127       
 2017	7	4	0.0424965	     0.2	#_128       
 1986	7	5	  1.08853	  0.2867	#_129       
 1987	7	5	  1.20049	  0.2748	#_130       
 1988	7	5	  1.10316	  0.1925	#_131       
 1989	7	5	  1.22124	  0.1934	#_132       
 1990	7	5	 0.995134	  0.1798	#_133       
 1991	7	5	 0.583608	  0.1783	#_134       
 1992	7	5	  1.11737	  0.1707	#_135       
 1993	7	5	  1.02345	  0.1765	#_136       
 1994	7	5	 0.883298	  0.1742	#_137       
 1995	7	5	 0.963694	  0.1863	#_138       
 1996	7	5	 0.759542	  0.1988	#_139       
 1997	7	5	 0.727271	  0.1964	#_140       
 1998	7	5	  1.10345	  0.2188	#_141       
 1999	7	5	  1.21801	  0.2329	#_142       
 2000	7	5	  1.27661	   0.222	#_143       
 2001	7	5	 0.987539	  0.2137	#_144       
 2002	7	5	  1.33592	  0.2118	#_145       
 2003	7	5	  1.20087	   0.209	#_146       
 2004	7	5	   1.1138	   0.204	#_147       
 2005	7	5	   1.0614	  0.2055	#_148       
 2006	7	5	 0.938756	   0.221	#_149       
 2007	7	5	   1.0044	  0.2315	#_150       
 2008	7	5	 0.762448	  0.2009	#_151       
 2009	7	5	 0.782216	   0.197	#_152       
 2010	7	5	  0.64599	   0.215	#_153       
 2011	7	5	 0.656631	  0.1938	#_154       
 2012	7	5	 0.651287	  0.1944	#_155       
 2013	7	5	 0.877801	  0.1787	#_156       
 2014	7	5	  0.75121	  0.1678	#_157       
 2015	7	5	  1.04353	  0.1667	#_158       
 2016	7	5	 0.784185	  0.1586	#_159       
 2017	7	5	 0.948624	  0.1488	#_160       
 1986	7	6	  1.43477	  0.2083	#_161       
 1987	7	6	 0.945308	  0.1987	#_162       
 1988	7	6	  0.98696	  0.2146	#_163       
 1989	7	6	 0.944835	  0.2046	#_164       
 1990	7	6	 0.886552	  0.1904	#_165       
 1991	7	6	 0.661829	  0.1948	#_166       
 1992	7	6	  1.14675	  0.1829	#_167       
 1993	7	6	 0.763262	   0.171	#_168       
 1994	7	6	 0.917791	  0.1669	#_169       
 1995	7	6	  1.05518	  0.1657	#_170       
 1996	7	6	 0.776453	  0.1722	#_171       
 1997	7	6	 0.813291	  0.1842	#_172       
 1998	7	6	  1.04438	  0.1768	#_173       
 1999	7	6	  1.30402	  0.2036	#_174       
 2000	7	6	 0.987753	  0.1975	#_175       
 2001	7	6	   1.1019	  0.1901	#_176       
 2002	7	6	  1.26365	  0.1787	#_177       
 2003	7	6	  1.06249	   0.177	#_178       
 2004	7	6	 0.892182	  0.1741	#_179       
 2005	7	6	  1.41328	  0.1719	#_180       
 2006	7	6	  1.54824	  0.1868	#_181       
 2007	7	6	  1.09172	  0.1805	#_182       
 2008	7	6	 0.824091	   0.285	#_183       
 2009	7	6	 0.674621	  0.2194	#_184       
 2010	7	6	 0.648017	  0.2089	#_185       
 2011	7	6	 0.692822	  0.2093	#_186       
 2012	7	6	 0.775804	  0.2191	#_187       
 2013	7	6	 0.918106	  0.2211	#_188       
 2014	7	6	 0.582864	  0.2486	#_189       
 2015	7	6	  1.01356	  0.2178	#_190       
 2016	7	6	 0.782013	  0.2273	#_191       
 2017	7	6	  1.03269	  0.2523	#_192       
 1986	7	7	  1.01473	0.229322	#_193       
 1987	7	7	  1.35452	 0.18555	#_194       
 1990	7	7	 0.976984	 0.25466	#_195       
 1991	7	7	  1.20931	0.220455	#_196       
 1993	7	7	   1.4331	0.215298	#_197       
 1994	7	7	  1.01454	0.188572	#_198       
 1995	7	7	 0.590161	0.203662	#_199       
 1996	7	7	 0.963938	 0.20671	#_200       
 1997	7	7	  1.14931	0.185845	#_201       
 1999	7	7	  0.81343	0.204291	#_202       
 2000	7	7	 0.986588	0.207054	#_203       
 2001	7	7	   1.1513	0.196769	#_204       
 2003	7	7	   1.2665	0.182395	#_205       
 2006	7	7	  1.15088	0.192207	#_206       
 2007	7	7	  1.14901	0.177098	#_207       
 2009	7	7	  0.88036	0.186419	#_208       
 2010	7	7	  0.74793	0.192591	#_209       
 2011	7	7	 0.773954	0.194557	#_210       
 2012	7	7	 0.810639	0.190458	#_211       
 2013	7	7	 0.840147	0.196107	#_212       
 2014	7	7	  1.00931	0.194256	#_213       
 2016	7	7	 0.651407	0.195724	#_214       
 1993	7	8	 0.804999	0.295683	#_215       
 1994	7	8	 0.652918	0.216693	#_216       
 1995	7	8	  2.05727	0.507363	#_217       
 1996	7	8	 0.905768	0.291294	#_218       
 1997	7	8	 0.963515	0.196541	#_219       
 2002	7	8	  1.19968	0.223033	#_220       
 2004	7	8	  1.07886	0.213692	#_221       
 2005	7	8	   1.0213	0.160119	#_222       
 2006	7	8	 0.982203	 0.32592	#_223       
 2007	7	8	 0.934906	0.156685	#_224       
 2008	7	8	 0.811658	0.209761	#_225       
 2009	7	8	 0.884969	0.173403	#_226       
 2010	7	8	 0.924794	0.157207	#_227       
 2011	7	8	 0.938466	0.111457	#_228       
 2012	7	8	  0.94358	0.133449	#_229       
 2013	7	8	  0.91323	0.141149	#_230       
 2014	7	8	  1.07315	 0.11175	#_231       
 2015	7	8	 0.875493	0.132806	#_232       
 2016	7	8	  1.06382	0.117429	#_233       
 2017	7	8	 0.901222	0.124566	#_234       
 2009	7	9	 0.882721	0.243001	#_235       
 2010	7	9	  1.13612	0.265449	#_236       
 2011	7	9	 0.960996	0.261243	#_237       
 2012	7	9	 0.789545	0.207352	#_238       
 2013	7	9	 0.606491	0.253906	#_239       
 2014	7	9	  1.09425	0.260064	#_240       
 2015	7	9	  1.03342	0.226881	#_241       
 2016	7	9	   1.1837	0.228247	#_242       
 2017	7	9	 0.774797	0.250359	#_243       
-9999	0	0	        0	       0	#_terminator
4 #_N_discard_fleets
#_discard_units (1=same_as_catchunits(bio/num); 2=fraction; 3=numbers)
#_discard_errtype:  >0 for DF of T-dist(read CV below); 0 for normal with CV; -1 for normal with se; -2 for lognormal
#
#_discard_fleet_info
#_Fleet	units	errtype
1	1	-2	#_CM_E   
2	1	-2	#_CM_W   
3	1	-2	#_REC    
4	1	-2	#_SMP_BYC
#
#_discard_data
#_Yr	Seas	Flt	Discard	Std_in
 1993	 7	 1	10.7627	0.3	#_1         
 1994	 7	 1	14.9238	0.3	#_2         
 1995	 7	 1	28.4391	0.3	#_3         
 1996	 7	 1	17.3861	0.3	#_4         
 1997	 7	 1	13.8913	0.3	#_5         
 1998	 7	 1	8.63524	0.3	#_6         
 1999	 7	 1	6.68892	0.3	#_7         
 2000	 7	 1	10.2425	0.3	#_8         
 2001	 7	 1	6.34821	0.3	#_9         
 2002	 7	 1	13.1596	0.3	#_10        
 2003	 7	 1	7.72521	0.3	#_11        
 2004	 7	 1	8.88695	0.3	#_12        
 2005	 7	 1	238.635	0.3	#_13        
 2006	 7	 1	176.927	0.3	#_14        
 2007	 7	 1	114.214	0.3	#_15        
 2008	 7	 1	65.3645	0.3	#_16        
 2009	 7	 1	103.566	0.3	#_17        
 2010	 7	 1	58.3502	0.3	#_18        
 2011	 7	 1	108.764	0.3	#_19        
 2012	 7	 1	 110.39	0.3	#_20        
 2013	 7	 1	51.2063	0.3	#_21        
 2014	 7	 1	67.1047	0.3	#_22        
 2015	 7	 1	32.9722	0.3	#_23        
 2016	 7	 1	61.1222	0.3	#_24        
 2017	 7	 1	38.2374	0.3	#_25        
 1993	 7	 2	4.25769	0.3	#_26        
 1994	 7	 2	5.13124	0.3	#_27        
 1995	 7	 2	4.90639	0.3	#_28        
 1996	 7	 2	3.54489	0.3	#_29        
 1997	 7	 2	9.25081	0.3	#_30        
 1998	 7	 2	8.89287	0.3	#_31        
 1999	 7	 2	11.1371	0.3	#_32        
 2000	 7	 2	7.36492	0.3	#_33        
 2001	 7	 2	4.37004	0.3	#_34        
 2002	 7	 2	9.27202	0.3	#_35        
 2003	 7	 2	14.2891	0.3	#_36        
 2004	 7	 2	12.4691	0.3	#_37        
 2005	 7	 2	185.213	0.3	#_38        
 2006	 7	 2	70.7441	0.3	#_39        
 2007	 7	 2	103.078	0.3	#_40        
 2008	 7	 2	20.3035	0.3	#_41        
 2009	 7	 2	 25.289	0.3	#_42        
 2010	 7	 2	21.5177	0.3	#_43        
 2011	 7	 2	29.2857	0.3	#_44        
 2012	 7	 2	35.1845	0.3	#_45        
 2013	 7	 2	34.1909	0.3	#_46        
 2014	 7	 2	39.6882	0.3	#_47        
 2015	 7	 2	29.7913	0.3	#_48        
 2016	 7	 2	28.1632	0.3	#_49        
 2017	 7	 2	23.6127	0.3	#_50        
 1982	 7	 3	4.28404	0.3	#_51        
 1983	 7	 3	1.96927	0.3	#_52        
 1984	 7	 3	4.67881	0.3	#_53        
 1985	 7	 3	6.74368	0.3	#_54        
 1986	 7	 3	11.6993	0.3	#_55        
 1987	 7	 3	9.05228	0.3	#_56        
 1988	 7	 3	16.8693	0.3	#_57        
 1989	 7	 3	6.85796	0.3	#_58        
 1990	 7	 3	387.131	0.3	#_59        
 1991	 7	 3	336.027	0.3	#_60        
 1992	 7	 3	328.907	0.3	#_61        
 1993	 7	 3	197.245	0.3	#_62        
 1994	 7	 3	229.826	0.3	#_63        
 1995	 7	 3	302.248	0.3	#_64        
 1996	 7	 3	53.7683	0.3	#_65        
 1997	 7	 3	 374.33	0.3	#_66        
 1998	 7	 3	157.468	0.3	#_67        
 1999	 7	 3	368.681	0.3	#_68        
 2000	 7	 3	253.079	0.3	#_69        
 2001	 7	 3	671.914	0.3	#_70        
 2002	 7	 3	691.654	0.3	#_71        
 2003	 7	 3	685.332	0.3	#_72        
 2004	 7	 3	696.299	0.3	#_73        
 2005	 7	 3	1482.36	0.3	#_74        
 2006	 7	 3	1739.25	0.3	#_75        
 2007	 7	 3	730.401	0.3	#_76        
 2008	 7	 3	390.855	0.3	#_77        
 2009	 7	 3	 551.71	0.3	#_78        
 2010	 7	 3	590.313	0.3	#_79        
 2011	 7	 3	1666.96	0.3	#_80        
 2012	 7	 3	856.713	0.3	#_81        
 2013	 7	 3	1782.46	0.3	#_82        
 2014	 7	 3	 974.68	0.3	#_83        
 2015	 7	 3	1109.88	0.3	#_84        
 2016	 7	 3	1110.71	0.3	#_85        
 2017	 7	 3	1327.87	0.3	#_86        
 1972	-7	 4	240.415	0.1	#_87        
 1973	 7	-4	218.351	0.5	#_88        
 1974	 7	-4	218.351	0.5	#_89        
 1975	 7	-4	218.351	0.5	#_90        
 1976	 7	-4	218.351	0.5	#_91        
 1977	 7	-4	218.351	0.5	#_92        
 1978	 7	-4	218.351	0.5	#_93        
 1979	 7	-4	218.351	0.5	#_94        
 1980	 7	-4	218.351	0.5	#_95        
 1981	 7	-4	218.351	0.5	#_96        
 1982	 7	-4	218.351	0.5	#_97        
 1983	 7	-4	218.351	0.5	#_98        
 1984	 7	-4	218.351	0.5	#_99        
 1985	 7	-4	218.351	0.5	#_100       
 1986	 7	-4	218.351	0.5	#_101       
 1987	 7	-4	218.351	0.5	#_102       
 1988	 7	-4	218.351	0.5	#_103       
 1989	 7	-4	218.351	0.5	#_104       
 1990	 7	-4	218.351	0.5	#_105       
 1991	 7	-4	218.351	0.5	#_106       
 1992	 7	-4	218.351	0.5	#_107       
 1993	 7	-4	218.351	0.5	#_108       
 1994	 7	-4	218.351	0.5	#_109       
 1995	 7	-4	218.351	0.5	#_110       
 1996	 7	-4	218.351	0.5	#_111       
 1997	 7	-4	218.351	0.5	#_112       
 1998	 7	-4	218.351	0.5	#_113       
 1999	 7	-4	218.351	0.5	#_114       
 2000	 7	-4	218.351	0.5	#_115       
 2001	 7	-4	218.351	0.5	#_116       
 2002	 7	-4	218.351	0.5	#_117       
 2003	 7	-4	218.351	0.5	#_118       
 2004	 7	-4	218.351	0.5	#_119       
 2005	 7	-4	218.351	0.5	#_120       
 2006	 7	-4	218.351	0.5	#_121       
 2007	 7	-4	218.351	0.5	#_122       
 2008	 7	-4	218.351	0.5	#_123       
 2009	 7	-4	218.351	0.5	#_124       
 2010	 7	-4	218.351	0.5	#_125       
 2011	 7	-4	218.351	0.5	#_126       
 2012	 7	-4	218.351	0.5	#_127       
 2013	 7	-4	218.351	0.5	#_128       
 2014	 7	-4	218.351	0.5	#_129       
 2015	 7	-4	218.351	0.5	#_130       
 2016	 7	-4	218.351	0.5	#_131       
 2017	-7	-4	218.351	0.5	#_132       
-9999	 0	 0	      0	  0	#_terminator
#
#_meanbodywt
0 #_use_meanbodywt
 #_DF_for_meanbodywt_T-distribution_like
#
#_population_length_bins
1 # length bin method: 1=use databins; 2=generate from binwidth,min,max below; 3=read vector
1 #_use_lencomp
#
#_len_info
#_mintailcomp	addtocomp	combine_M_F	CompressBins	CompError	ParmSelect	minsamplesize
1e-04	1e-07	0	0	0	0	1	#_CM_E   
1e-04	1e-07	0	0	0	0	1	#_CM_W   
1e-04	1e-07	0	0	0	0	1	#_REC    
1e-04	1e-07	0	0	0	0	1	#_SMP_BYC
1e-04	1e-07	0	0	0	0	1	#_HB_E   
1e-04	1e-07	0	0	0	0	1	#_HB_W   
1e-04	1e-07	0	0	0	0	1	#_LARVAL 
1e-04	1e-07	0	0	0	0	1	#_VIDEO  
1e-04	1e-07	0	0	0	0	1	#_SEAMAP 
12 #_N_lbins
#_lbin_vector
1 5 10 15 20 25 30 35 40 45 50 55 #_lbin_vector
#
#_lencomp
#_Yr	Seas	FltSvy	Gender	Part	Nsamp	l1	l5	l10	l15	l20	l25	l30	l35	l40	l45	l50	l55
 2002	7	8	0	0	 17	0	0	 1	 3	 6	 3	 1	1	2	0	0	0	#_1         
 2004	7	8	0	0	  6	0	0	 0	 0	 3	 1	 0	1	1	0	0	0	#_2         
 2005	7	8	0	0	 38	0	0	 3	 7	 7	11	 5	4	1	0	0	0	#_3         
 2006	7	8	0	0	 18	0	0	 3	 2	 5	 4	 2	2	0	0	0	0	#_4         
 2007	7	8	0	0	 11	0	0	 0	 1	 2	 4	 3	1	0	0	0	0	#_5         
 2008	7	8	0	0	  8	0	0	 0	 2	 2	 1	 1	1	1	0	0	0	#_6         
 2009	7	8	0	0	 25	0	0	 0	 8	 5	 4	 5	1	1	0	1	0	#_7         
 2010	7	8	0	0	 32	0	0	 5	 5	 5	 8	 5	3	1	0	0	0	#_8         
 2011	7	8	0	0	 47	0	0	 9	 7	13	 4	 9	2	1	1	1	0	#_9         
 2012	7	8	0	0	 39	0	0	 1	12	 7	 7	 5	4	3	0	0	0	#_10        
 2013	7	8	0	0	100	0	0	 6	13	38	26	 9	7	1	0	0	0	#_11        
 2014	7	8	0	0	100	0	0	 8	19	28	26	12	4	1	2	0	0	#_12        
 2015	7	8	0	0	 74	0	1	 5	17	14	16	14	5	1	0	1	0	#_13        
 2016	7	8	0	0	 32	0	0	 0	 7	 9	 7	 5	1	2	1	0	0	#_14        
 2017	7	8	0	0	100	0	0	15	19	21	22	14	6	3	0	0	0	#_15        
 2009	7	9	0	0	 35	0	1	 8	14	10	 2	 0	0	0	0	0	0	#_16        
 2010	7	9	0	0	100	0	4	28	36	28	 4	 0	0	0	0	0	0	#_17        
 2011	7	9	0	0	 17	0	0	 9	 2	 6	 0	 0	0	0	0	0	0	#_18        
 2012	7	9	0	0	 11	0	0	 3	 4	 4	 0	 0	0	0	0	0	0	#_19        
 2013	7	9	0	0	 37	0	1	 6	17	13	 0	 0	0	0	0	0	0	#_20        
 2014	7	9	0	0	 69	0	9	13	27	16	 4	 0	0	0	0	0	0	#_21        
 2015	7	9	0	0	 37	0	1	 8	15	11	 2	 0	0	0	0	0	0	#_22        
 2016	7	9	0	0	 38	0	0	 4	12	20	 2	 0	0	0	0	0	0	#_23        
 2017	7	9	0	0	100	0	4	13	42	38	 3	 0	0	0	0	0	0	#_24        
-9999	0	0	0	0	  0	0	0	 0	 0	 0	 0	 0	0	0	0	0	0	#_terminator
14 #_N_agebins
#
#_agebin_vector
1 2 3 4 5 6 7 8 9 10 11 12 13 14 #_agebin_vector
#
#_ageing_error
1 #_N_ageerror_definitions
#_age0	age1	age2	age3	age4	age5	age6	age7	age8	age9	age10	age11	age12	age13	age14
  0.5	  1.5	  2.5	  3.5	  4.5	  5.5	  6.5	  7.5	  8.5	  9.5	 10.5	 11.5	 12.5	 13.5	 14.5	#_1
0.001	0.001	0.001	0.001	0.001	0.001	0.001	0.001	0.001	0.001	0.001	0.001	0.001	0.001	0.001	#_2
#
#_age_info
#_mintailcomp	addtocomp	combine_M_F	CompressBins	CompError	ParmSelect	minsamplesize
1e-04	1e-07	0	0	0	0	1	#_CM_E   
1e-04	1e-07	0	0	0	0	1	#_CM_W   
1e-04	1e-07	0	0	0	0	1	#_REC    
1e-04	1e-07	0	0	0	0	1	#_SMP_BYC
1e-04	1e-07	0	0	0	0	1	#_HB_E   
1e-04	1e-07	0	0	0	0	1	#_HB_W   
1e-04	1e-07	0	0	0	0	1	#_LARVAL 
1e-04	1e-07	0	0	0	0	1	#_VIDEO  
1e-04	1e-07	0	0	0	0	1	#_SEAMAP 
2 #_Lbin_method: 1=poplenbins; 2=datalenbins; 3=lengths
 #_combine males into females at or below this bin number
#_Yr	Seas	FltSvy	Gender	Part	Ageerr	Lbin_lo	Lbin_hi	Nsamp	a1	a2	a3	a4	a5	a6	a7	a8	a9	a10	a11	a12	a13	a14
 1995	7	1	0	2	1	-1	-1	  3	0	 0	 0	 0	 2	 0	 0	 0	1	 0	0	0	0	 0	#_1         
 1998	7	1	0	2	1	-1	-1	  6	0	 0	 3	 1	 0	 0	 0	 1	1	 0	0	0	0	 0	#_2         
 2000	7	1	0	2	1	-1	-1	  8	0	 3	 0	 2	 1	 0	 0	 1	0	 1	0	0	0	 0	#_3         
 2001	7	1	0	2	1	-1	-1	 23	0	 3	 5	 2	 5	 1	 1	 1	1	 1	3	0	0	 0	#_4         
 2002	7	1	0	2	1	-1	-1	100	0	10	15	28	13	 9	 8	 4	3	 2	1	2	0	 5	#_5         
 2003	7	1	0	2	1	-1	-1	 23	1	 1	 1	 7	 3	 3	 2	 0	1	 0	0	1	1	 2	#_6         
 2004	7	1	0	2	1	-1	-1	 33	0	 4	 3	 5	 6	 6	 3	 2	1	 0	0	0	1	 2	#_7         
 2005	7	1	0	2	1	-1	-1	100	0	 4	11	15	11	17	17	 4	5	 1	3	1	2	 9	#_8         
 2006	7	1	0	2	1	-1	-1	 59	0	 0	14	 8	 8	 2	 6	10	4	 1	0	0	1	 5	#_9         
 2007	7	1	0	2	1	-1	-1	 54	0	 0	 5	14	 5	 8	 2	 5	4	 3	1	3	1	 3	#_10        
 2008	7	1	0	2	1	-1	-1	100	0	 2	16	 8	25	10	 6	 4	2	15	3	2	2	 5	#_11        
 2009	7	1	0	2	1	-1	-1	100	0	 3	17	11	11	15	10	 6	4	 8	3	0	5	 7	#_12        
 2010	7	1	0	2	1	-1	-1	 32	0	 2	 5	 4	 2	 5	 3	 6	2	 1	1	0	0	 1	#_13        
 2011	7	1	0	2	1	-1	-1	 87	0	 5	 9	14	 6	 8	 8	 9	7	 4	3	4	3	 7	#_14        
 2012	7	1	0	2	1	-1	-1	 99	0	11	14	14	12	 7	 5	 6	9	 9	4	1	0	 7	#_15        
 2013	7	1	0	2	1	-1	-1	 55	0	 3	16	11	 5	 5	 4	 1	1	 4	0	1	0	 4	#_16        
 2014	7	1	0	2	1	-1	-1	 79	0	 9	11	21	 7	 5	 7	 3	1	 4	4	1	2	 4	#_17        
 2015	7	1	0	2	1	-1	-1	100	1	 9	19	21	13	 3	 5	13	3	 1	1	4	0	 7	#_18        
 2016	7	1	0	2	1	-1	-1	100	0	 6	23	12	14	21	 5	 4	3	 1	1	1	3	 6	#_19        
 2017	7	1	0	2	1	-1	-1	100	0	 9	18	22	14	11	10	 2	2	 3	1	0	1	 7	#_20        
 1994	7	2	0	2	1	-1	-1	  8	0	 0	 1	 4	 1	 1	 1	 0	0	 0	0	0	0	 0	#_21        
 1995	7	2	0	2	1	-1	-1	  7	0	 0	 1	 4	 1	 0	 0	 1	0	 0	0	0	0	 0	#_22        
 2000	7	2	0	2	1	-1	-1	 64	0	 0	 5	10	15	 6	 3	 7	4	 4	2	2	0	 6	#_23        
 2001	7	2	0	2	1	-1	-1	 48	0	 2	 5	 6	 9	 9	 3	 3	1	 2	2	2	0	 4	#_24        
 2002	7	2	0	2	1	-1	-1	 34	0	 3	 2	 3	 3	 5	 9	 1	1	 1	2	0	1	 3	#_25        
 2003	7	2	0	2	1	-1	-1	 30	1	 0	 3	 6	 8	 4	 1	 1	1	 2	0	1	0	 2	#_26        
 2004	7	2	0	2	1	-1	-1	100	2	 7	 8	14	12	20	 5	12	5	 6	1	2	0	 6	#_27        
 2005	7	2	0	2	1	-1	-1	 21	0	 1	 0	 1	 2	 3	 0	 3	1	 4	1	0	0	 5	#_28        
 2006	7	2	0	2	1	-1	-1	 16	0	 0	 2	 1	 0	 2	 4	 2	1	 3	0	0	0	 1	#_29        
 2007	7	2	0	2	1	-1	-1	100	0	 0	 4	13	23	17	 7	 7	8	 4	5	1	1	10	#_30        
 2008	7	2	0	2	1	-1	-1	100	0	 1	 7	 7	18	19	14	 5	7	 5	3	4	3	 7	#_31        
 2009	7	2	0	2	1	-1	-1	100	0	 2	 1	 9	 9	27	 7	10	7	 5	3	6	2	12	#_32        
 2010	7	2	0	2	1	-1	-1	 59	0	 0	 3	 6	 7	 2	11	10	5	 7	2	1	0	 5	#_33        
 2011	7	2	0	2	1	-1	-1	100	0	 2	 8	 8	12	10	 9	12	9	 9	5	3	8	 5	#_34        
 2012	7	2	0	2	1	-1	-1	 89	0	 2	 8	 7	12	12	 5	11	7	 7	5	2	4	 7	#_35        
 2013	7	2	0	2	1	-1	-1	 48	0	 1	 3	 8	10	 4	 3	 1	4	 3	3	0	0	 8	#_36        
 2014	7	2	0	2	1	-1	-1	 47	0	 0	 5	12	 4	 3	 6	 3	0	 2	2	4	1	 5	#_37        
 2015	7	2	0	2	1	-1	-1	 23	0	 2	 3	 1	 7	 1	 2	 3	1	 0	0	1	2	 0	#_38        
 2016	7	2	0	2	1	-1	-1	 82	0	 0	10	14	15	11	 9	 2	4	 2	3	0	3	 9	#_39        
 2017	7	2	0	2	1	-1	-1	 89	0	 3	 4	15	18	16	 7	 5	2	 5	2	0	2	10	#_40        
 1994	7	3	0	2	1	-1	-1	 13	0	 0	 1	 2	 2	 2	 3	 3	0	 0	0	0	0	 0	#_41        
 1995	7	3	0	2	1	-1	-1	  6	0	 0	 1	 1	 2	 1	 1	 0	0	 0	0	0	0	 0	#_42        
 1996	7	3	0	2	1	-1	-1	 77	1	 9	20	12	13	 7	10	 1	1	 2	0	0	1	 0	#_43        
 1997	7	3	0	2	1	-1	-1	 15	0	 1	 0	 2	 4	 3	 2	 1	2	 0	0	0	0	 0	#_44        
 1998	7	3	0	2	1	-1	-1	 13	0	 1	 2	 2	 4	 1	 1	 2	0	 0	0	0	0	 0	#_45        
 1999	7	3	0	2	1	-1	-1	 25	0	 2	 9	 5	 3	 2	 0	 2	1	 0	0	0	1	 0	#_46        
 2000	7	3	0	2	1	-1	-1	 61	0	 2	16	14	11	 6	 5	 2	1	 2	1	0	1	 0	#_47        
 2001	7	3	0	2	1	-1	-1	  7	0	 0	 4	 1	 2	 0	 0	 0	0	 0	0	0	0	 0	#_48        
 2002	7	3	0	2	1	-1	-1	 15	0	 1	 7	 1	 4	 2	 0	 0	0	 0	0	0	0	 0	#_49        
 2003	7	3	0	2	1	-1	-1	 19	0	 2	 3	 6	 5	 1	 1	 0	0	 1	0	0	0	 0	#_50        
 2004	7	3	0	2	1	-1	-1	  4	0	 0	 0	 2	 0	 1	 0	 1	0	 0	0	0	0	 0	#_51        
 2005	7	3	0	2	1	-1	-1	 54	0	 3	10	10	 3	 9	 8	 2	7	 2	0	0	0	 0	#_52        
 2006	7	3	0	2	1	-1	-1	 93	0	 2	17	18	23	 8	10	 7	5	 3	0	0	0	 0	#_53        
 2007	7	3	0	2	1	-1	-1	100	0	 0	16	16	13	22	12	 8	3	 3	2	2	0	 3	#_54        
 2008	7	3	0	2	1	-1	-1	 42	0	 6	 5	13	 9	 4	 2	 1	1	 1	0	0	0	 0	#_55        
 2009	7	3	0	2	1	-1	-1	100	0	 5	14	19	13	22	 9	 8	4	 3	1	0	2	 0	#_56        
 2010	7	3	0	2	1	-1	-1	 20	0	 3	 2	 2	 2	 4	 5	 1	0	 0	1	0	0	 0	#_57        
 2011	7	3	0	2	1	-1	-1	 78	0	 9	11	14	11	 9	10	 8	3	 1	0	2	0	 0	#_58        
 2012	7	3	0	2	1	-1	-1	100	1	14	28	17	18	 6	 3	 0	4	 4	2	1	0	 2	#_59        
 2013	7	3	0	2	1	-1	-1	100	0	10	41	13	 9	 8	 7	 7	0	 3	0	0	2	 0	#_60        
 2014	7	3	0	2	1	-1	-1	100	0	 8	25	33	10	11	 5	 2	2	 1	2	0	0	 1	#_61        
 2015	7	3	0	2	1	-1	-1	 46	0	 4	14	 5	11	 7	 3	 0	0	 0	0	0	1	 1	#_62        
 2016	7	3	0	2	1	-1	-1	100	0	 5	25	19	17	22	 2	 2	1	 2	0	0	2	 3	#_63        
 2017	7	3	0	2	1	-1	-1	100	0	 8	25	21	18	 8	 9	 6	1	 2	1	1	0	 0	#_64        
-9999	0	0	0	0	0	 0	 0	  0	0	 0	 0	 0	 0	 0	 0	 0	0	 0	0	0	0	 0	#_terminator
#
#_MeanSize_at_Age_obs
0 #_use_MeanSize_at_Age_obs
0 #_N_environ_variables
0 #_N_sizefreq_methods
0 #_do_tags
0 #_morphcomp_data
0 #_use_selectivity_priors
#
999
