#V3.30
#C data file for simple example
#
1971 #_styr
2001 #_endyr
1 #_nseas
12 #_months_per_seas
2 #_Nsubseasons
1 #_spawn_month
2 #_Nsexes
40 #_Nages
1 #_N_areas
3 #_Nfleets
#_fleetinfo
#_type	surveytiming	area	units	need_catch_mult	fleetname
1	-1	1	1	0	FISHERY1	#_1
3	 1	1	2	0	SURVEY1 	#_2
3	 1	1	2	0	SURVEY2 	#_3
#_Catch data
#_year	season	fleet	catch	catch_se
 -999	1	1	      0	0.01	#_1         
 1971	1	1	      0	0.01	#_2         
 1972	1	1	199.278	0.01	#_3         
 1973	1	1	1003.51	0.01	#_4         
 1974	1	1	1010.01	0.01	#_5         
 1975	1	1	1992.78	0.01	#_6         
 1976	1	1	2997.43	0.01	#_7         
 1977	1	1	4054.22	0.01	#_8         
 1978	1	1	4969.41	0.01	#_9         
 1979	1	1	6012.18	0.01	#_10        
 1980	1	1	7958.64	0.01	#_11        
 1981	1	1	10226.7	0.01	#_12        
 1982	1	1	 9921.8	0.01	#_13        
 1983	1	1	10016.2	0.01	#_14        
 1984	1	1	9917.32	0.01	#_15        
 1985	1	1	10236.7	0.01	#_16        
 1986	1	1	9898.02	0.01	#_17        
 1987	1	1	9967.92	0.01	#_18        
 1988	1	1	9229.47	0.01	#_19        
 1989	1	1	8028.87	0.01	#_20        
 1990	1	1	7021.01	0.01	#_21        
 1991	1	1	6018.98	0.01	#_22        
 1992	1	1	4024.65	0.01	#_23        
 1993	1	1	4020.09	0.01	#_24        
 1994	1	1	4006.72	0.01	#_25        
 1995	1	1	 3980.2	0.01	#_26        
 1996	1	1	3973.77	0.01	#_27        
 1997	1	1	3002.57	0.01	#_28        
 1998	1	1	3014.72	0.01	#_29        
 1999	1	1	2955.96	0.01	#_30        
 2000	1	1	 2977.9	0.01	#_31        
 2001	1	1	2989.86	0.01	#_32        
-9999	0	0	      0	   0	#_terminator
#_CPUE_and_surveyabundance_observations
#_Units:  0=numbers; 1=biomass; 2=F; >=30 for special types
#_Errtype:  -1=normal; 0=lognormal; >0=T
#_SD_Report: 0=no sdreport; 1=enable sdreport
#_Fleet	Units	Errtype	SD_Report
1	0	0	0	#_FISHERY1
2	0	0	0	#_SURVEY1 
3	0	0	0	#_SURVEY2 
#
#_CPUE_data
-9999 1 1 1 1 # terminator
0 #_N_discard_fleets
#_discard_units (1=same_as_catchunits(bio/num); 2=fraction; 3=numbers)
#_discard_errtype:  >0 for DF of T-dist(read CV below); 0 for normal with CV; -1 for normal with se; -2 for lognormal
#
#_discard_fleet_info
#
#_discard_data
#
#_meanbodywt
0 #_use_meanbodywt
 #_DF_for_meanbodywt_T-distribution_like
#
#_population_length_bins
2 # length bin method: 1=use databins; 2=generate from binwidth,min,max below; 3=read vector
2 # binwidth for population size comp
10 # minimum size in the population (lower edge of first bin and size at age 0.00)
94 # maximum size in the population (lower edge of last bin)
1 #_use_lencomp
#
#_len_info
#_mintailcomp	addtocomp	combine_M_F	CompressBins	CompError	ParmSelect	minsamplesize
0	1e-07	0	0	0	0	1	#_FISHERY1
0	1e-07	0	0	0	0	1	#_SURVEY1 
0	1e-07	0	0	0	0	1	#_SURVEY2 
25 #_N_lbins
#_lbin_vector
26 28 30 32 34 36 38 40 42 44 46 48 50 52 54 56 58 60 62 64 68 72 76 80 90 #_lbin_vector
#
#_lencomp
#_Yr	Seas	FltSvy	Gender	Part	Nsamp	f26	f28	f30	f32	f34	f36	f38	f40	f42	f44	f46	f48	f50	f52	f54	f56	f58	f60	f62	f64	f68	f72	f76	f80	f90	m26	m28	m30	m32	m34	m36	m38	m40	m42	m44	m46	m48	m50	m52	m54	m56	m58	m60	m62	m64	m68	m72	m76	m80	m90
 1971	7	1	3	0	125	0	0	0	0	0	0	0	0	0	 3	1	1	0	1	 4	4	 4	6	3	11	 9	 6	 8	0	0	0	0	0	0	0	 0	0	 0	6	0	0	1	2	3	 1	 2	 2	 5	8	11	11	5	7	0	0	#_1         
 1972	7	1	3	0	125	0	0	0	0	0	0	0	0	0	 5	0	0	1	0	 3	5	 3	7	3	 6	 7	 7	 5	6	0	0	0	0	0	0	 0	0	 0	0	1	3	0	2	1	 2	 2	 4	 9	8	 9	13	6	7	0	0	#_2         
 1973	7	1	3	0	125	0	0	0	0	0	0	0	0	0	 0	0	0	8	1	 2	4	 4	4	5	 7	11	 6	11	0	0	0	0	0	0	0	 0	0	 0	0	0	0	6	2	2	 5	 5	 2	 9	4	10	 9	5	1	2	0	#_3         
 1974	7	1	3	0	125	0	0	0	0	0	0	0	0	0	 2	4	1	4	1	 1	3	 5	6	1	 9	16	 8	 7	0	0	0	0	0	0	0	 0	0	 4	1	2	0	1	2	2	 0	 2	 6	 6	3	 7	13	5	2	1	0	#_4         
 1975	7	1	3	0	125	0	0	0	0	0	0	0	2	0	 5	0	0	1	2	 4	2	 2	5	7	12	10	10	10	0	0	0	0	0	0	0	 0	0	 0	0	3	0	1	0	4	 2	 2	 5	 5	3	11	 6	8	3	0	0	#_5         
 1976	7	1	3	0	125	0	0	0	0	0	0	0	1	1	 1	0	2	1	1	 2	2	 6	6	3	12	 8	 4	 3	3	0	0	0	0	0	0	 0	1	 0	0	0	1	0	3	4	 6	 1	 5	 3	5	13	11	9	7	0	0	#_6         
 1977	7	1	3	0	125	0	0	0	0	0	0	0	3	1	 2	0	0	0	2	 5	0	 2	5	5	 5	11	11	 4	3	0	0	0	0	0	0	 0	0	 0	0	0	2	4	1	2	 3	 2	 4	 8	6	12	 9	7	6	0	0	#_7         
 1978	7	1	3	0	125	0	0	0	0	0	0	1	0	0	 1	0	1	0	1	 4	6	 5	2	6	 7	10	15	 9	2	0	0	0	0	0	0	 0	0	 1	1	0	0	1	5	1	 1	 4	 4	 3	2	11	12	4	5	0	0	#_8         
 1979	7	1	3	0	125	0	0	0	0	0	0	0	0	0	 0	6	3	2	0	 2	5	 6	6	7	14	 9	 7	 7	4	0	0	0	0	0	0	 0	0	 0	3	0	1	0	2	2	 3	 2	 2	 4	2	 7	11	5	3	0	0	#_9         
 1980	7	1	3	0	125	0	0	0	0	0	0	0	1	0	 0	0	0	1	1	 1	6	 4	3	5	11	13	 7	 6	2	0	0	0	0	0	0	 0	0	 0	4	2	1	1	2	3	 2	 4	 5	 3	6	14	 7	6	4	0	0	#_10        
 1981	7	1	3	0	125	0	0	0	0	0	0	3	1	1	 1	0	2	6	0	 1	3	 4	4	5	 7	14	 6	10	0	0	0	0	0	0	0	 2	0	 0	2	0	1	2	0	2	 3	 6	 1	 4	4	10	 9	5	6	0	0	#_11        
 1982	7	1	3	0	125	0	0	0	0	0	0	0	0	3	 0	1	1	1	4	 0	1	 3	7	1	11	12	16	 0	0	0	0	0	0	0	0	 0	0	 2	0	1	0	3	3	1	 3	 5	 4	 4	3	14	10	6	5	0	0	#_12        
 1983	7	1	3	0	125	0	0	0	0	0	0	0	0	0	 0	7	2	1	3	 3	2	 3	6	3	12	 9	11	 6	0	0	0	0	0	0	0	 0	0	 0	0	2	1	2	0	6	 2	 2	 3	 5	6	10	10	5	3	0	0	#_13        
 1984	7	1	3	0	125	0	0	0	0	0	0	3	2	3	 1	0	2	4	2	 5	6	 1	3	1	 7	 6	 7	 9	0	0	0	0	0	0	0	 0	0	 4	2	3	1	3	3	3	 1	 2	 4	 5	5	12	 8	4	3	0	0	#_14        
 1985	7	1	3	0	125	0	0	0	0	0	0	0	0	5	 3	0	4	3	2	 3	3	 0	6	4	11	 3	 3	 3	2	0	0	0	0	0	0	 0	0	 3	1	1	1	2	2	4	 9	 2	12	 4	2	 9	10	3	5	0	0	#_15        
 1986	7	1	3	0	125	0	0	0	0	1	4	1	4	1	 2	5	1	1	3	 3	5	 6	3	3	 7	 3	 2	 5	0	0	0	0	0	0	0	 4	2	 3	1	1	0	3	4	0	 2	 3	 7	 3	6	14	 9	2	1	0	0	#_16        
 1987	7	1	3	0	125	0	0	0	0	0	3	2	4	2	 2	2	5	5	4	 1	3	 5	2	3	 5	 5	 4	 3	0	0	0	0	0	0	0	 0	0	 1	1	4	5	5	1	2	 1	 7	 3	 7	3	10	 8	3	4	0	0	#_17        
 1988	7	1	3	0	125	0	0	0	0	0	1	1	2	1	 5	5	3	6	5	 5	1	 4	4	5	 6	 5	 1	 5	0	0	0	0	0	0	0	 1	1	 2	2	2	5	2	2	1	 4	 8	 2	 9	4	 9	 3	3	0	0	0	#_18        
 1989	7	1	3	0	125	0	0	0	0	0	3	2	4	6	 3	4	7	3	4	 2	6	 3	3	2	 2	 3	 2	 1	0	0	0	0	0	0	0	 0	2	 3	0	1	3	6	5	5	 8	 5	 5	 5	2	 5	 6	2	2	0	0	#_19        
 1990	7	1	3	0	125	0	0	0	0	0	0	0	3	0	 1	3	3	7	4	11	7	11	4	2	 6	 4	 3	 2	0	0	0	0	0	0	0	 3	2	 0	0	1	1	3	3	7	 6	10	 5	 3	3	 3	 4	0	0	0	0	#_20        
 1991	7	1	3	0	125	0	0	0	0	0	0	0	5	2	 3	6	1	7	7	 8	4	 4	2	7	 9	 7	 2	 0	0	0	0	0	0	0	1	 0	0	 1	0	0	2	5	2	6	 5	 2	 3	 7	6	 5	 2	4	0	0	0	#_21        
 1992	7	1	3	0	125	0	0	0	0	4	2	0	2	3	 2	2	5	6	3	 4	6	 3	3	3	 8	 5	 2	 0	0	0	0	0	0	0	0	 0	0	 7	4	4	3	2	2	4	 7	 2	 7	 5	7	 4	 2	2	0	0	0	#_22        
 1993	7	1	3	0	125	0	0	0	0	0	0	3	2	1	 2	2	6	6	5	 2	0	 3	5	8	 4	 8	 4	 0	0	0	0	0	0	0	0	 0	0	11	4	1	2	2	4	6	 5	 3	 7	 5	3	 4	 4	3	0	0	0	#_23        
 1994	7	1	3	0	125	0	0	0	0	0	0	0	0	0	11	3	1	4	6	 4	5	 9	3	5	 3	 3	 3	 1	0	0	0	0	0	0	0	 0	0	 3	4	3	2	6	5	5	 4	 8	 4	 4	2	 9	 2	2	1	0	0	#_24        
 1995	7	1	3	0	125	0	0	0	2	1	0	1	3	3	 0	2	4	5	4	 7	4	 2	6	5	 8	 7	 0	 0	0	0	0	0	0	0	2	 0	0	 2	4	5	4	2	4	6	 5	 2	 5	 3	5	 5	 3	4	0	0	0	#_25        
 1996	7	1	3	0	125	0	0	0	1	1	1	0	2	0	 0	4	5	6	4	 9	4	 6	2	4	 4	 2	 5	 0	0	0	0	0	0	0	0	 0	0	 4	2	4	3	3	3	4	 9	 5	10	 5	3	 5	 3	2	0	0	0	#_26        
 1997	7	1	3	0	125	0	0	0	0	3	1	1	2	0	 0	5	4	5	6	 2	5	 4	4	8	 7	11	 0	 0	0	0	0	0	0	0	0	 1	0	 0	0	2	2	8	4	4	 6	 7	 7	 1	2	 5	 4	4	0	0	0	#_27        
 1998	7	1	3	0	125	0	0	0	0	4	0	1	0	4	 3	1	1	5	5	 2	4	 6	8	2	 3	 1	 4	 2	0	0	0	0	0	0	4	 0	1	 2	2	0	2	2	6	4	 5	 6	10	 1	8	 9	 2	4	1	0	0	#_28        
 1999	7	1	3	0	125	0	0	0	0	2	0	0	1	1	 1	5	7	3	5	 1	7	 4	3	2	10	 0	 1	 0	0	0	0	0	0	0	0	 0	3	 0	2	3	2	3	4	4	 7	 3	 8	 9	6	 8	 8	2	0	0	0	#_29        
 2000	7	1	3	0	125	0	0	0	0	0	1	0	1	2	 2	8	2	5	7	 5	4	 4	6	3	12	 2	 0	 0	0	0	0	0	0	0	0	 3	0	 0	0	3	2	4	3	2	10	 4	 4	 5	4	10	 3	2	2	0	0	#_30        
 2001	7	1	3	0	125	0	0	0	0	1	1	0	3	0	 0	0	1	8	4	 4	2	 9	5	8	 5	 1	 1	 0	0	0	0	0	0	0	0	 5	0	 3	3	2	1	5	1	9	 9	 4	 9	 7	2	 6	 2	4	0	0	0	#_31        
 1977	7	2	3	0	125	0	0	0	0	0	0	4	3	2	 3	1	4	2	4	 4	2	 8	4	3	 6	 5	10	 0	0	0	0	0	0	0	0	 0	6	 0	1	2	2	4	1	3	 7	 2	 6	 6	5	 5	 5	4	1	0	0	#_32        
 1980	7	2	3	0	125	0	0	0	0	2	1	0	1	3	 4	2	1	0	4	 2	1	 3	4	3	10	 5	 6	 0	1	0	0	0	0	0	2	 1	1	 4	4	1	1	5	2	2	 4	 6	 4	13	4	 3	10	3	2	0	0	#_33        
 1983	7	2	3	0	125	0	0	0	0	0	1	8	5	6	 5	3	1	5	6	 2	4	 3	2	6	 4	 1	 8	 0	0	0	0	0	0	0	1	 1	2	 4	0	8	8	0	2	3	 1	 1	 3	 3	4	 5	 9	0	0	0	0	#_34        
 1986	7	2	3	0	125	0	0	0	0	4	4	5	3	5	 5	4	6	1	4	 2	1	 2	1	1	 2	 3	 0	 3	0	0	0	0	0	2	4	 5	4	 8	1	5	5	5	4	2	 2	 5	 5	 3	4	 3	 1	1	0	0	0	#_35        
 1989	7	2	3	0	125	0	0	0	0	0	1	0	3	0	 7	8	9	3	4	 6	1	 3	1	3	 3	 0	 6	 0	0	0	0	0	0	1	0	 4	1	 5	6	9	7	9	4	5	 4	 2	 3	 3	0	 4	 0	0	0	0	0	#_36        
 1992	7	2	3	0	125	0	0	0	0	0	5	2	2	2	 3	0	1	6	1	 1	5	 5	6	3	 3	 2	 0	 0	0	0	0	0	0	0	0	10	4	 4	4	3	5	7	7	4	 3	 3	 5	 5	5	 6	 3	0	0	0	0	#_37        
 1995	7	2	3	0	125	0	0	0	0	4	3	7	4	6	 7	3	5	3	5	 3	6	 4	3	2	 0	 1	 3	 0	0	0	0	0	0	0	1	 4	5	 3	5	5	0	3	0	3	 5	 4	 5	 6	2	 2	 2	1	0	0	0	#_38        
 1998	7	2	3	0	125	0	0	0	1	2	2	3	5	1	 4	5	2	6	5	 2	6	 6	2	3	 2	 0	 0	 0	0	0	0	0	0	0	1	 1	4	 6	2	7	7	5	5	7	 2	 5	 5	 4	1	 5	 1	0	0	0	0	#_39        
 2001	7	2	3	0	125	0	0	0	0	0	4	1	3	5	 2	2	4	3	5	 5	5	 1	3	4	 2	 6	 0	 0	0	0	0	0	0	0	4	 2	1	 3	5	3	3	5	6	7	 3	 2	 6	 4	6	 3	 7	0	0	0	0	#_40        
-9999	0	0	0	0	  0	0	0	0	0	0	0	0	0	0	 0	0	0	0	0	 0	0	 0	0	0	 0	 0	 0	 0	0	0	0	0	0	0	0	 0	0	 0	0	0	0	0	0	0	 0	 0	 0	 0	0	 0	 0	0	0	0	0	#_terminator
17 #_N_agebins
#
#_agebin_vector
1 2 3 4 5 6 7 8 9 10 11 12 13 14 15 20 25 #_agebin_vector
#
#_ageing_error
2 #_N_ageerror_definitions
#_age0	age1	age2	age3	age4	age5	age6	age7	age8	age9	age10	age11	age12	age13	age14	age15	age16	age17	age18	age19	age20	age21	age22	age23	age24	age25	age26	age27	age28	age29	age30	age31	age32	age33	age34	age35	age36	age37	age38	age39	age40
  0.5	  1.5	  2.5	  3.5	  4.5	  5.5	  6.5	  7.5	  8.5	  9.5	 10.5	 11.5	 12.5	 13.5	 14.5	 15.5	 16.5	 17.5	 18.5	 19.5	 20.5	 21.5	 22.5	 23.5	 24.5	 25.5	 26.5	 27.5	 28.5	 29.5	 30.5	 31.5	 32.5	 33.5	 34.5	 35.5	 36.5	 37.5	 38.5	 39.5	 40.5	#_1
0.001	0.001	0.001	0.001	0.001	0.001	0.001	0.001	0.001	0.001	0.001	0.001	0.001	0.001	0.001	0.001	0.001	0.001	0.001	0.001	0.001	0.001	0.001	0.001	0.001	0.001	0.001	0.001	0.001	0.001	0.001	0.001	0.001	0.001	0.001	0.001	0.001	0.001	0.001	0.001	0.001	#_2
  0.5	  1.5	  2.5	  3.5	  4.5	  5.5	  6.5	  7.5	  8.5	  9.5	 10.5	 11.5	 12.5	 13.5	 14.5	 15.5	 16.5	 17.5	 18.5	 19.5	 20.5	 21.5	 22.5	 23.5	 24.5	 25.5	 26.5	 27.5	 28.5	 29.5	 30.5	 31.5	 32.5	 33.5	 34.5	 35.5	 36.5	 37.5	 38.5	 39.5	 40.5	#_3
  0.5	 0.65	 0.67	  0.7	 0.73	 0.76	  0.8	 0.84	 0.88	 0.92	 0.97	 1.03	 1.09	 1.16	 1.23	 1.32	 1.41	 1.51	 1.62	 1.75	 1.89	 2.05	 2.23	 2.45	 2.71	    3	    3	    3	    3	    3	    3	    3	    3	    3	    3	    3	    3	    3	    3	    3	    3	#_4
#
#_age_info
#_mintailcomp	addtocomp	combine_M_F	CompressBins	CompError	ParmSelect	minsamplesize
0	1e-07	1	0	0	0	1	#_FISHERY1
0	1e-07	1	0	0	0	1	#_SURVEY1 
0	1e-07	1	0	0	0	1	#_SURVEY2 
1 #_Lbin_method: 1=poplenbins; 2=datalenbins; 3=lengths
 #_combine males into females at or below this bin number
#_Yr	Seas	FltSvy	Gender	Part	Ageerr	Lbin_lo	Lbin_hi	Nsamp	f1	f2	f3	f4	f5	f6	f7	f8	f9	f10	f11	f12	f13	f14	f15	f20	f25	m1	m2	m3	m4	m5	m6	m7	m8	m9	m10	m11	m12	m13	m14	m15	m20	m25
 1971	7	1	3	0	2	1	-1	75	0	 0	 0	 0	5	3	1	 3	4	3	0	2	2	0	 4	 2	9	0	0	 2	 2	 0	3	3	1	1	2	2	2	2	1	 9	 4	 3	#_1         
 1972	7	1	3	0	2	1	-1	75	0	 1	 1	 0	4	1	0	 2	2	2	2	2	2	1	11	 5	6	0	0	 1	 0	 1	0	4	1	3	2	4	2	0	0	 4	 4	 7	#_2         
 1973	7	1	3	0	2	1	-1	75	0	 0	 3	 1	1	2	5	 1	2	1	3	2	2	1	 4	 5	9	0	0	 0	 4	 3	1	1	4	1	4	3	1	2	1	 4	 2	 2	#_3         
 1974	7	1	3	0	2	1	-1	75	0	 0	 0	 0	3	2	3	 1	2	4	2	0	1	1	 8	 5	3	0	0	 2	 3	 0	4	2	4	0	3	1	1	3	2	 6	 5	 4	#_4         
 1975	7	1	3	0	2	1	-1	75	0	 0	 3	 1	3	0	3	 1	3	2	4	1	1	3	 7	 3	4	0	0	 0	 0	 6	1	1	4	3	2	2	0	3	1	 5	 2	 6	#_5         
 1976	7	1	3	0	2	1	-1	75	0	 0	 0	 1	2	1	5	 2	2	4	3	2	0	2	 8	 2	1	0	0	 0	 0	 4	0	0	2	2	3	3	3	2	1	11	 9	 0	#_6         
 1977	7	1	3	0	2	1	-1	75	0	 0	 0	 0	3	4	1	 3	5	1	1	0	1	1	 1	 6	6	0	0	 0	 1	 1	4	2	1	5	5	2	3	0	3	 7	 4	 4	#_7         
 1978	7	1	3	0	2	1	-1	75	0	 0	 3	 2	0	1	2	 5	4	1	3	1	2	2	 7	 5	6	0	0	 2	 2	 0	0	3	1	2	2	1	2	0	2	 9	 3	 2	#_8         
 1979	7	1	3	0	2	1	-1	75	0	 0	 0	 1	2	1	1	 2	3	3	3	0	1	3	 5	13	0	0	0	 0	 2	 0	2	2	2	3	2	4	2	3	2	 6	 1	 6	#_9         
 1980	7	1	3	0	2	1	-1	75	0	 1	 0	 1	0	0	2	 2	1	0	2	2	2	1	 9	11	0	0	0	 0	 3	 2	1	1	0	1	3	4	1	0	2	 8	 4	11	#_10        
 1981	7	1	3	0	2	1	-1	75	0	 2	 1	 2	1	1	4	 1	2	3	1	3	2	4	 6	 3	5	0	0	 2	 2	 3	1	2	1	4	1	1	1	2	1	 2	 5	 6	#_11        
 1982	7	1	3	0	2	1	-1	75	0	 0	 0	 1	0	3	3	 3	0	1	2	3	2	2	 2	 4	6	0	0	 0	 0	 7	1	4	0	2	3	1	2	1	2	 5	15	 0	#_12        
 1983	7	1	3	0	2	1	-1	75	0	 0	 0	 8	2	2	1	 2	2	0	0	2	0	0	 9	 6	8	0	0	 2	 3	 2	0	2	1	0	2	1	2	1	1	 6	 3	 7	#_13        
 1984	7	1	3	0	2	1	-1	75	0	 0	 0	13	4	3	1	 1	5	0	3	2	2	1	 4	 5	6	0	0	 0	 3	 1	3	2	0	1	1	1	1	1	1	 6	 0	 4	#_14        
 1985	7	1	3	0	2	1	-1	75	0	 0	 0	 8	5	3	5	 5	2	1	2	2	1	1	 2	 3	5	0	0	 0	 3	 4	0	3	1	1	4	1	1	0	1	 6	 4	 1	#_15        
 1986	7	1	3	0	2	1	-1	75	0	 6	 3	 3	2	3	2	 2	0	1	2	0	0	2	 1	 6	3	0	0	 0	 0	12	5	4	2	2	1	2	2	0	1	 3	 5	 0	#_16        
 1987	7	1	3	0	2	1	-1	75	0	 6	 2	 3	5	5	1	 3	1	2	2	3	0	0	 3	 7	0	0	0	 4	 1	 7	4	2	0	0	4	2	2	1	0	 2	 0	 3	#_17        
 1988	7	1	3	0	2	1	-1	75	0	 2	 4	 5	5	2	2	 1	3	0	1	0	2	1	 0	 2	0	0	0	 3	 7	 2	8	2	2	3	3	2	0	1	1	 6	 5	 0	#_18        
 1989	7	1	3	0	2	1	-1	75	0	 2	 2	 7	5	4	3	 2	3	2	2	1	0	0	 1	 3	0	0	0	 1	 4	 5	7	2	3	5	2	3	0	0	0	 3	 3	 0	#_19        
 1990	7	1	3	0	2	1	-1	75	0	 0	 3	 4	5	7	1	 5	3	3	0	2	0	0	 1	 1	0	0	1	 0	 3	 4	8	8	1	3	2	2	2	0	1	 1	 4	 0	#_20        
 1991	7	1	3	0	2	1	-1	75	0	 0	 5	 1	8	7	6	 4	2	4	2	0	1	0	 1	 1	0	0	0	 1	 1	 3	4	7	5	0	3	2	3	0	0	 2	 2	 0	#_21        
 1992	7	1	3	0	2	1	-1	75	0	 0	12	 3	2	6	5	10	4	2	2	0	0	1	 0	 0	2	0	0	 3	 2	 1	7	6	2	3	1	0	0	1	0	 0	 0	 0	#_22        
 1993	7	1	3	0	2	1	-1	75	0	 0	 7	 4	4	3	3	10	5	2	1	0	2	4	 0	 0	0	0	0	 3	 4	 2	4	4	3	2	5	0	0	1	0	 2	 0	 0	#_23        
 1994	7	1	3	0	2	1	-1	75	0	 0	 7	 3	7	4	2	 2	4	1	5	0	0	1	 0	 0	1	0	0	 0	11	 6	5	3	3	4	3	1	0	2	0	 0	 0	 0	#_24        
 1995	7	1	3	0	2	1	-1	75	2	 1	 3	 4	5	5	3	 1	5	3	2	2	1	1	 0	 0	0	0	0	 0	15	 4	5	4	2	1	1	1	2	1	1	 0	 0	 0	#_25        
 1996	7	1	3	0	2	1	-1	75	0	 0	12	 3	8	5	4	 1	1	3	2	2	0	1	 1	 0	0	0	2	 5	 4	 3	3	1	5	1	3	1	0	0	1	 3	 0	 0	#_26        
 1997	7	1	3	0	2	1	-1	75	0	 4	 1	 5	2	3	5	 4	0	1	1	0	2	1	 1	 0	0	0	0	 0	11	 8	7	5	7	3	1	1	1	0	1	 0	 0	 0	#_27        
 1998	7	1	3	0	2	1	-1	75	1	 4	 2	 2	7	5	4	 2	2	1	0	2	0	0	 3	 0	0	0	0	 7	 2	 6	3	4	4	2	4	1	3	2	1	 1	 0	 0	#_28        
 1999	7	1	3	0	2	1	-1	75	0	 1	 1	 0	5	8	3	 7	4	3	1	1	2	1	 3	 0	0	0	1	 3	 0	 2	9	0	7	5	1	1	2	1	1	 2	 0	 0	#_29        
 2000	7	1	3	0	2	1	-1	75	0	 8	 3	 1	6	2	5	 5	1	1	2	1	5	2	 3	 0	0	0	0	 5	 2	 3	2	2	4	0	5	2	2	1	1	 1	 0	 0	#_30        
 2001	7	1	3	0	2	1	-1	75	0	 2	 1	 3	6	6	6	 4	1	4	0	1	1	2	 2	 0	0	0	0	 3	 2	 4	3	3	0	9	5	2	0	1	1	 3	 0	 0	#_31        
 1977	7	2	3	0	2	1	-1	75	1	 4	 2	 1	1	2	5	 4	2	1	1	1	4	0	 3	10	0	0	2	 0	 0	 3	0	4	2	2	4	5	1	1	1	 5	 3	 0	#_32        
 1980	7	2	3	0	2	1	-1	75	4	 4	 4	 1	3	2	2	 1	3	5	0	2	0	0	 3	 1	4	0	3	 1	 1	 1	4	1	1	4	3	2	0	3	0	 6	 3	 3	#_33        
 1983	7	2	3	0	2	1	-1	75	1	 2	 1	 4	4	3	1	 5	0	0	0	0	2	2	 8	 7	0	0	1	 5	 3	 3	0	2	1	1	2	2	2	1	0	 5	 4	 3	#_34        
 1986	7	2	3	0	2	1	-1	75	7	 4	 5	 5	7	4	0	 4	0	0	1	0	0	1	 1	 1	0	0	0	11	 3	 2	5	2	1	0	0	0	1	0	3	 4	 3	 0	#_35        
 1989	7	2	3	0	2	1	-1	75	3	 6	 5	 7	4	4	3	 0	0	0	0	0	0	1	 0	 0	0	0	0	 3	12	12	2	1	3	5	0	2	0	2	0	 0	 0	 0	#_36        
 1992	7	2	3	0	2	1	-1	75	7	 6	 4	 2	4	2	7	 3	5	1	0	1	0	0	 1	 0	0	0	5	 5	 2	 2	6	3	3	3	1	1	0	1	0	 0	 0	 0	#_37        
 1995	7	2	3	0	2	1	-1	75	0	16	 8	 7	5	1	2	 2	0	0	0	0	0	0	 1	 0	0	0	4	 4	 8	 2	2	4	2	1	1	0	3	0	1	 1	 0	 0	#_38        
 1998	7	2	3	0	2	1	-1	75	6	 4	 3	 5	5	5	4	 2	2	1	3	1	0	3	 0	 0	0	0	4	 4	 2	 6	5	3	4	2	0	0	0	1	0	 0	 0	 0	#_39        
 2001	7	2	3	0	2	1	-1	75	2	 5	 5	 4	3	6	2	 2	3	0	0	1	0	0	 3	 0	0	0	8	 4	 5	 5	4	3	1	3	1	1	2	1	0	 1	 0	 0	#_40        
-9999	0	0	0	0	0	0	 0	 0	0	 0	 0	 0	0	0	0	 0	0	0	0	0	0	0	 0	 0	0	0	0	 0	 0	 0	0	0	0	0	0	0	0	0	0	 0	 0	 0	#_terminator
#
#_MeanSize_at_Age_obs
1 #_use_MeanSize_at_Age_obs
#_Yr	Seas	FltSvy	Gender	Part	AgeErr	Ignore	f1	f2	f3	f4	f5	f6	f7	f8	f9	f10	f11	f12	f13	f14	f15	f20	f25	m1	m2	m3	m4	m5	m6	m7	m8	m9	m10	m11	m12	m13	m14	m15	m20	m25	N_f1	N_f2	N_f3	N_f4	N_f5	N_f6	N_f7	N_f8	N_f9	N_f10	N_f11	N_f12	N_f13	N_f14	N_f15	N_f20	N_f25	N_m1	N_m2	N_m3	N_m4	N_m5	N_m6	N_m7	N_m8	N_m9	N_m10	N_m11	N_m12	N_m13	N_m14	N_m15	N_m20	N_m25
1971 	7	1	3	0	1	2	32.6729	38.4544	44.3666	47.8329	51.2109	55.9479	57.7888	58.0587	60.2368	62.6987	66.4831	64.6501	66.0227	68.4594	69.6504	69.7915	74.0253	31.2291	40.898 	45.5704	47.9358	54.9999	53.5411	58.3865	61.9033	60.4964	63.4765	63.6575	65.4257	65.8911	66.7779	68.4105	70.5496	71.0933	20	20	20	20	20	20	20	20	20	20	20	20	20	20	20	20	20	20	20	20	20	20	20	20	20	20	20	20	20	20	20	20	20	20	#_1         
1995 	7	1	3	0	1	2	29.0929	40.3846	42.4013	47.8866	54.3004	55.2547	57.7584	61.5731	59.9005	62.5453	64.9236	66.8101	66.5296	66.9882	69.6171	72.0107	74.8   	30.0041	40.849 	44.8524	48.9754	54.1494	57.0056	56.6976	59.2234	60.3891	64.8772	63.3567	63.9082	66.2315	69.6899	67.7902	70.2601	71.8254	20	20	20	20	20	20	20	20	20	20	20	20	20	20	20	20	20	20	20	20	20	20	20	20	20	20	20	20	20	20	20	20	20	20	#_2         
1971 	7	2	3	0	1	2	33.6633	38.2405	43.6742	46.907 	50.264 	51.7629	56.0903	59.5416	58.9995	59.8221	62.4369	64.1633	65.1012	68.0226	67.3648	71.8042	73.3879	34.8652	38.6631	44.2643	49.4819	52.0357	53.5611	57.2875	57.0503	60.213 	58.8868	64.1629	64.033 	66.7597	64.7033	66.5249	69.194 	68.5811	20	20	20	20	20	20	20	20	20	20	20	20	20	20	20	20	20	20	20	20	20	20	20	20	20	20	20	20	20	20	20	20	20	20	#_3         
1995 	7	2	3	0	1	2	35.5246	40.2132	43.56  	45.6517	50.2541	53.3435	57.7779	58.4747	60.0001	64.951 	62.5312	67.6125	64.3751	67.9811	70.9402	67.6487	75.2298	33.4789	38.6925	44.5216	46.9706	50.3821	52.3199	55.5301	57.6123	59.3102	61.1309	63.6696	66.9778	62.8288	63.997 	66.0609	69.1269	70.8468	20	20	20	20	20	20	20	20	20	20	20	20	20	20	20	20	20	20	20	20	20	20	20	20	20	20	20	20	20	20	20	20	20	20	#_4         
-9999	0	0	0	0	0	0	0      	0      	0      	0      	0      	0      	0      	0      	0      	0      	0      	0      	0      	0      	0      	0      	0      	0      	0      	0      	0      	0      	0      	0      	0      	0      	0      	0      	0      	0      	0      	0      	0      	0      	0 	0 	0 	0 	0 	0 	0 	0 	0 	0 	0 	0 	0 	0 	0 	0 	0 	0 	0 	0 	0 	0 	0 	0 	0 	0 	0 	0 	0 	0 	0 	0 	0 	0 	#_terminator
0 #_N_environ_variables
0 #_N_sizefreq_methods
0 #_do_tags
0 #_morphcomp_data
0 #_use_selectivity_priors
#
999
