#V3.30
#C data file created using the SS_writedat function in the R package r4ss
#C should work with SS version:
#C file write time: 2020-01-23 16:14:32
#
1950 #_styr
2017 #_endyr
1 #_nseas
12 #_months_per_seas
2 #_Nsubseasons
1 #_spawn_month
1 #_Nsexes
14 #_Nages
1 #_N_areas
9 #_Nfleets
#_fleetinfo
#_type	surveytiming	area	units	need_catch_mult	fleetname
1	-1	1	1	0	CM_E   	#_1
1	-1	1	1	0	CM_W   	#_2
1	-1	1	2	0	REC    	#_3
2	-1	1	2	0	SMP_BYC	#_4
3	 1	1	1	0	HB_E   	#_5
3	 1	1	1	0	HB_W   	#_6
3	 1	1	1	0	LARVAL 	#_7
3	 1	1	1	0	VIDEO  	#_8
3	 1	1	1	0	SEAMAP 	#_9
#Bycatch_fleet_input
#_fleetindex	includeinMSY	Fmult	F_or_first_year	F_or_last_year	unused
4	1	3	2011	2014	999	#_4
#_Catch data
#_year	season	fleet	catch	catch_se
 -999	1	1	      0	0.01	#_1         
 1950	1	1	1418.84	0.05	#_2         
 1951	1	1	1342.42	0.05	#_3         
 1952	1	1	 1096.5	0.05	#_4         
 1953	1	1	1065.27	0.05	#_5         
 1954	1	1	 1022.6	0.05	#_6         
 1955	1	1	 971.85	0.05	#_7         
 1956	1	1	810.471	0.05	#_8         
 1957	1	1	744.086	0.05	#_9         
 1958	1	1	816.837	0.05	#_10        
 1959	1	1	 818.91	0.05	#_11        
 1960	1	1	743.058	0.05	#_12        
 1961	1	1	787.983	0.05	#_13        
 1962	1	1	719.601	0.05	#_14        
 1963	1	1	735.096	0.05	#_15        
 1964	1	1	 666.56	0.05	#_16        
 1965	1	1	758.881	0.05	#_17        
 1966	1	1	707.431	0.05	#_18        
 1967	1	1	 711.47	0.05	#_19        
 1968	1	1	727.525	0.05	#_20        
 1969	1	1	631.006	0.05	#_21        
 1970	1	1	711.469	0.05	#_22        
 1971	1	1	729.226	0.05	#_23        
 1972	1	1	757.312	0.05	#_24        
 1973	1	1	684.094	0.05	#_25        
 1974	1	1	707.302	0.05	#_26        
 1975	1	1	709.926	0.05	#_27        
 1976	1	1	742.035	0.05	#_28        
 1977	1	1	708.321	0.05	#_29        
 1978	1	1	713.082	0.05	#_30        
 1979	1	1	682.282	0.05	#_31        
 1980	1	1	744.903	0.05	#_32        
 1981	1	1	683.696	0.05	#_33        
 1982	1	1	710.913	0.05	#_34        
 1983	1	1	 721.92	0.05	#_35        
 1984	1	1	710.909	0.05	#_36        
 1985	1	1	676.388	0.05	#_37        
 1986	1	1	723.164	0.05	#_38        
 1987	1	1	797.576	0.05	#_39        
 1988	1	1	 697.98	0.05	#_40        
 1989	1	1	720.097	0.05	#_41        
 1990	1	1	639.344	0.05	#_42        
 1991	1	1	716.188	0.05	#_43        
 1992	1	1	721.991	0.05	#_44        
 1993	1	1	738.908	0.05	#_45        
 1994	1	1	728.202	0.05	#_46        
 1995	1	1	702.055	0.05	#_47        
 1996	1	1	646.558	0.05	#_48        
 1997	1	1	698.552	0.05	#_49        
 1998	1	1	739.915	0.05	#_50        
 1999	1	1	800.039	0.05	#_51        
 2000	1	1	  706.9	0.05	#_52        
 2001	1	1	791.375	0.05	#_53        
 2002	1	1	764.361	0.05	#_54        
 2003	1	1	783.609	0.05	#_55        
 2004	1	1	820.833	0.05	#_56        
 2005	1	1	634.216	0.05	#_57        
 2006	1	1	659.717	0.05	#_58        
 2007	1	1	655.292	0.05	#_59        
 2008	1	1	803.518	0.05	#_60        
 2009	1	1	741.789	0.05	#_61        
 2010	1	1	724.578	0.05	#_62        
 2011	1	1	 675.95	0.05	#_63        
 2012	1	1	666.465	0.05	#_64        
 2013	1	1	642.056	0.05	#_65        
 2014	1	1	592.479	0.05	#_66        
 2015	1	1	 633.82	0.05	#_67        
 2016	1	1	728.065	0.05	#_68        
 2017	1	1	747.913	0.05	#_69        
 -999	1	2	      0	0.01	#_70        
 1950	1	2	1132.11	0.05	#_71        
 1951	1	2	1073.64	0.05	#_72        
 1952	1	2	921.503	0.05	#_73        
 1953	1	2	854.456	0.05	#_74        
 1954	1	2	749.762	0.05	#_75        
 1955	1	2	707.304	0.05	#_76        
 1956	1	2	649.202	0.05	#_77        
 1957	1	2	616.902	0.05	#_78        
 1958	1	2	616.032	0.05	#_79        
 1959	1	2	608.958	0.05	#_80        
 1960	1	2	560.028	0.05	#_81        
 1961	1	2	550.543	0.05	#_82        
 1962	1	2	587.982	0.05	#_83        
 1963	1	2	548.315	0.05	#_84        
 1964	1	2	533.831	0.05	#_85        
 1965	1	2	601.388	0.05	#_86        
 1966	1	2	530.561	0.05	#_87        
 1967	1	2	505.475	0.05	#_88        
 1968	1	2	506.973	0.05	#_89        
 1969	1	2	552.429	0.05	#_90        
 1970	1	2	560.402	0.05	#_91        
 1971	1	2	500.666	0.05	#_92        
 1972	1	2	551.318	0.05	#_93        
 1973	1	2	503.007	0.05	#_94        
 1974	1	2	504.645	0.05	#_95        
 1975	1	2	485.109	0.05	#_96        
 1976	1	2	551.468	0.05	#_97        
 1977	1	2	505.624	0.05	#_98        
 1978	1	2	478.175	0.05	#_99        
 1979	1	2	541.281	0.05	#_100       
 1980	1	2	515.265	0.05	#_101       
 1981	1	2	455.087	0.05	#_102       
 1982	1	2	 522.92	0.05	#_103       
 1983	1	2	 500.36	0.05	#_104       
 1984	1	2	551.558	0.05	#_105       
 1985	1	2	532.949	0.05	#_106       
 1986	1	2	523.608	0.05	#_107       
 1987	1	2	497.766	0.05	#_108       
 1988	1	2	 535.43	0.05	#_109       
 1989	1	2	535.367	0.05	#_110       
 1990	1	2	504.143	0.05	#_111       
 1991	1	2	503.367	0.05	#_112       
 1992	1	2	534.795	0.05	#_113       
 1993	1	2	467.177	0.05	#_114       
 1994	1	2	519.507	0.05	#_115       
 1995	1	2	523.837	0.05	#_116       
 1996	1	2	527.187	0.05	#_117       
 1997	1	2	522.906	0.05	#_118       
 1998	1	2	559.766	0.05	#_119       
 1999	1	2	562.988	0.05	#_120       
 2000	1	2	601.356	0.05	#_121       
 2001	1	2	523.462	0.05	#_122       
 2002	1	2	550.014	0.05	#_123       
 2003	1	2	578.279	0.05	#_124       
 2004	1	2	603.686	0.05	#_125       
 2005	1	2	514.999	0.05	#_126       
 2006	1	2	537.063	0.05	#_127       
 2007	1	2	539.515	0.05	#_128       
 2008	1	2	639.901	0.05	#_129       
 2009	1	2	592.661	0.05	#_130       
 2010	1	2	554.431	0.05	#_131       
 2011	1	2	548.388	0.05	#_132       
 2012	1	2	575.131	0.05	#_133       
 2013	1	2	486.791	0.05	#_134       
 2014	1	2	544.227	0.05	#_135       
 2015	1	2	463.053	0.05	#_136       
 2016	1	2	 479.42	0.05	#_137       
 2017	1	2	545.314	0.05	#_138       
 -999	1	3	      0	0.01	#_139       
 1950	1	3	2599.65	0.15	#_140       
 1951	1	3	1706.66	0.15	#_141       
 1952	1	3	2164.97	0.15	#_142       
 1953	1	3	 1512.9	0.15	#_143       
 1954	1	3	977.613	0.15	#_144       
 1955	1	3	1111.09	0.15	#_145       
 1956	1	3	1333.34	0.15	#_146       
 1957	1	3	1447.32	0.15	#_147       
 1958	1	3	1600.87	0.15	#_148       
 1959	1	3	1336.72	0.15	#_149       
 1960	1	3	1367.13	0.15	#_150       
 1961	1	3	 1569.6	0.15	#_151       
 1962	1	3	 1384.9	0.15	#_152       
 1963	1	3	1246.73	0.15	#_153       
 1964	1	3	 1297.6	0.15	#_154       
 1965	1	3	1336.79	0.15	#_155       
 1966	1	3	1135.55	0.15	#_156       
 1967	1	3	1003.77	0.15	#_157       
 1968	1	3	1233.68	0.15	#_158       
 1969	1	3	1457.14	0.15	#_159       
 1970	1	3	 1395.4	0.15	#_160       
 1971	1	3	1116.96	0.15	#_161       
 1972	1	3	1310.03	0.15	#_162       
 1973	1	3	1549.15	0.15	#_163       
 1974	1	3	1540.39	0.15	#_164       
 1975	1	3	 1321.5	0.15	#_165       
 1976	1	3	1130.28	0.15	#_166       
 1977	1	3	1528.91	0.15	#_167       
 1978	1	3	1226.12	0.15	#_168       
 1979	1	3	1469.91	0.15	#_169       
 1980	1	3	777.242	0.15	#_170       
 1981	1	3	1248.77	0.15	#_171       
 1982	1	3	 1528.4	0.15	#_172       
 1983	1	3	1102.98	0.15	#_173       
 1984	1	3	1382.09	0.15	#_174       
 1985	1	3	 1601.8	0.15	#_175       
 1986	1	3	1394.16	0.15	#_176       
 1987	1	3	1225.18	0.15	#_177       
 1988	1	3	1221.19	0.15	#_178       
 1989	1	3	1194.87	0.15	#_179       
 1990	1	3	1082.64	0.15	#_180       
 1991	1	3	1286.16	0.15	#_181       
 1992	1	3	826.014	0.15	#_182       
 1993	1	3	1057.96	0.15	#_183       
 1994	1	3	1116.74	0.15	#_184       
 1995	1	3	1378.99	0.15	#_185       
 1996	1	3	883.735	0.15	#_186       
 1997	1	3	843.392	0.15	#_187       
 1998	1	3	907.009	0.15	#_188       
 1999	1	3	771.036	0.15	#_189       
 2000	1	3	903.668	0.15	#_190       
 2001	1	3	774.423	0.15	#_191       
 2002	1	3	1012.49	0.15	#_192       
 2003	1	3	1057.43	0.15	#_193       
 2004	1	3	877.028	0.15	#_194       
 2005	1	3	526.905	0.15	#_195       
 2006	1	3	659.756	0.15	#_196       
 2007	1	3	 608.15	0.15	#_197       
 2008	1	3	1078.76	0.15	#_198       
 2009	1	3	1007.97	0.15	#_199       
 2010	1	3	1108.12	0.15	#_200       
 2011	1	3	660.349	0.15	#_201       
 2012	1	3	742.976	0.15	#_202       
 2013	1	3	693.831	0.15	#_203       
 2014	1	3	580.339	0.15	#_204       
 2015	1	3	 767.03	0.15	#_205       
 2016	1	3	899.257	0.15	#_206       
 2017	1	3	1040.61	0.15	#_207       
 -999	1	4	      0	0.01	#_208       
 1950	1	4	    0.1	 0.1	#_209       
 1951	1	4	    0.1	 0.1	#_210       
 1952	1	4	    0.1	 0.1	#_211       
 1953	1	4	    0.1	 0.1	#_212       
 1954	1	4	    0.1	 0.1	#_213       
 1955	1	4	    0.1	 0.1	#_214       
 1956	1	4	    0.1	 0.1	#_215       
 1957	1	4	    0.1	 0.1	#_216       
 1958	1	4	    0.1	 0.1	#_217       
 1959	1	4	    0.1	 0.1	#_218       
 1960	1	4	    0.1	 0.1	#_219       
 1961	1	4	    0.1	 0.1	#_220       
 1962	1	4	    0.1	 0.1	#_221       
 1963	1	4	    0.1	 0.1	#_222       
 1964	1	4	    0.1	 0.1	#_223       
 1965	1	4	    0.1	 0.1	#_224       
 1966	1	4	    0.1	 0.1	#_225       
 1967	1	4	    0.1	 0.1	#_226       
 1968	1	4	    0.1	 0.1	#_227       
 1969	1	4	    0.1	 0.1	#_228       
 1970	1	4	    0.1	 0.1	#_229       
 1971	1	4	    0.1	 0.1	#_230       
 1972	1	4	    0.1	 0.1	#_231       
 1973	1	4	    0.1	 0.1	#_232       
 1974	1	4	    0.1	 0.1	#_233       
 1975	1	4	    0.1	 0.1	#_234       
 1976	1	4	    0.1	 0.1	#_235       
 1977	1	4	    0.1	 0.1	#_236       
 1978	1	4	    0.1	 0.1	#_237       
 1979	1	4	    0.1	 0.1	#_238       
 1980	1	4	    0.1	 0.1	#_239       
 1981	1	4	    0.1	 0.1	#_240       
 1982	1	4	    0.1	 0.1	#_241       
 1983	1	4	    0.1	 0.1	#_242       
 1984	1	4	    0.1	 0.1	#_243       
 1985	1	4	    0.1	 0.1	#_244       
 1986	1	4	    0.1	 0.1	#_245       
 1987	1	4	    0.1	 0.1	#_246       
 1988	1	4	    0.1	 0.1	#_247       
 1989	1	4	    0.1	 0.1	#_248       
 1990	1	4	    0.1	 0.1	#_249       
 1991	1	4	    0.1	 0.1	#_250       
 1992	1	4	    0.1	 0.1	#_251       
 1993	1	4	    0.1	 0.1	#_252       
 1994	1	4	    0.1	 0.1	#_253       
 1995	1	4	    0.1	 0.1	#_254       
 1996	1	4	    0.1	 0.1	#_255       
 1997	1	4	    0.1	 0.1	#_256       
 1998	1	4	    0.1	 0.1	#_257       
 1999	1	4	    0.1	 0.1	#_258       
 2000	1	4	    0.1	 0.1	#_259       
 2001	1	4	    0.1	 0.1	#_260       
 2002	1	4	    0.1	 0.1	#_261       
 2003	1	4	    0.1	 0.1	#_262       
 2004	1	4	    0.1	 0.1	#_263       
 2005	1	4	    0.1	 0.1	#_264       
 2006	1	4	    0.1	 0.1	#_265       
 2007	1	4	    0.1	 0.1	#_266       
 2008	1	4	    0.1	 0.1	#_267       
 2009	1	4	    0.1	 0.1	#_268       
 2010	1	4	    0.1	 0.1	#_269       
 2011	1	4	    0.1	 0.1	#_270       
 2012	1	4	    0.1	 0.1	#_271       
 2013	1	4	    0.1	 0.1	#_272       
 2014	1	4	    0.1	 0.1	#_273       
 2015	1	4	    0.1	 0.1	#_274       
 2016	1	4	    0.1	 0.1	#_275       
 2017	1	4	    0.1	 0.1	#_276       
-9999	0	0	      0	   0	#_terminator
#_CPUE_and_surveyabundance_observations
#_Units:  0=numbers; 1=biomass; 2=F; >=30 for special types
#_Errtype:  -1=normal; 0=lognormal; >0=T
#_SD_Report: 0=no sdreport; 1=enable sdreport
#_Fleet	Units	Errtype	SD_Report
1	 1	0	0	#_CM_E   
2	 1	0	0	#_CM_W   
3	 0	0	0	#_REC    
4	 2	0	0	#_SMP_BYC
5	 0	0	0	#_HB_E   
6	 0	0	0	#_HB_W   
7	30	0	0	#_LARVAL 
8	 0	0	0	#_VIDEO  
9	 0	0	0	#_SEAMAP 
#
#_CPUE_data
#_year	seas	index	obs	se_log
 1993	7	1	0.615302	   0.224	#_1         
 1994	7	1	 1.29276	  0.1921	#_2         
 1995	7	1	0.824579	  0.2148	#_3         
 1996	7	1	0.735691	  0.1909	#_4         
 1997	7	1	0.582255	  0.2007	#_5         
 1998	7	1	0.874267	  0.2021	#_6         
 1999	7	1	 0.98153	  0.1857	#_7         
 2000	7	1	0.704902	   0.217	#_8         
 2001	7	1	 1.08859	  0.2045	#_9         
 2002	7	1	 1.20601	  0.1891	#_10        
 2003	7	1	 1.42486	  0.1817	#_11        
 2004	7	1	 1.40025	  0.1945	#_12        
 2005	7	1	0.686745	  0.1913	#_13        
 2006	7	1	 0.81575	  0.2117	#_14        
 1993	7	2	  1.2142	  0.2946	#_15        
 1994	7	2	 1.34979	  0.2421	#_16        
 1995	7	2	0.814896	  0.2502	#_17        
 1996	7	2	0.760762	  0.2158	#_18        
 1997	7	2	0.778689	  0.1657	#_19        
 1998	7	2	 1.09346	  0.1853	#_20        
 1999	7	2	 1.14834	  0.1597	#_21        
 2000	7	2	0.858113	  0.1912	#_22        
 2001	7	2	 1.19558	  0.2006	#_23        
 2002	7	2	 1.14219	  0.1743	#_24        
 2003	7	2	0.737069	  0.1571	#_25        
 2004	7	2	 1.24279	  0.1548	#_26        
 2005	7	2	 1.17946	  0.1823	#_27        
 2006	7	2	0.953899	  0.2263	#_28        
 1986	7	3	 1.33965	  0.1343	#_29        
 1987	7	3	 1.96774	  0.2402	#_30        
 1988	7	3	 1.08096	  0.2702	#_31        
 1989	7	3	 1.36176	  0.3298	#_32        
 1990	7	3	0.745473	  0.2462	#_33        
 1991	7	3	 1.27433	  0.1803	#_34        
 1992	7	3	0.928702	  0.1364	#_35        
 1993	7	3	 1.46266	  0.1698	#_36        
 1994	7	3	0.694656	  0.2315	#_37        
 1995	7	3	 1.26519	  0.2322	#_38        
 1996	7	3	0.968543	  0.3018	#_39        
 1997	7	3	0.698292	    0.22	#_40        
 1998	7	3	 1.01652	  0.1982	#_41        
 1999	7	3	 0.58496	  0.1405	#_42        
 2000	7	3	 1.44961	  0.2133	#_43        
 2001	7	3	0.939145	  0.2051	#_44        
 2002	7	3	0.778047	  0.2023	#_45        
 2003	7	3	0.902759	  0.1792	#_46        
 2004	7	3	 0.93226	   0.144	#_47        
 2005	7	3	0.516887	  0.1656	#_48        
 2006	7	3	0.568893	  0.1823	#_49        
 2007	7	3	0.864612	  0.2114	#_50        
 2008	7	3	0.982429	  0.2243	#_51        
 2009	7	3	 1.17245	   0.225	#_52        
 2010	7	3	0.588813	  0.2406	#_53        
 2011	7	3	0.597831	  0.1556	#_54        
 2012	7	3	0.800445	   0.185	#_55        
 2013	7	3	0.808046	   0.213	#_56        
 2014	7	3	0.553585	  0.1501	#_57        
 2015	7	3	0.759418	   0.156	#_58        
 2016	7	3	0.873168	  0.1563	#_59        
 2017	7	3	0.615365	  0.1595	#_60        
 1950	7	4	0.245057	     0.2	#_61        
 1951	7	4	0.220125	     0.2	#_62        
 1952	7	4	0.199025	     0.2	#_63        
 1953	7	4	0.183561	     0.2	#_64        
 1954	7	4	0.186419	     0.2	#_65        
 1955	7	4	0.215718	     0.2	#_66        
 1956	7	4	0.213118	     0.2	#_67        
 1957	7	4	0.204202	     0.2	#_68        
 1958	7	4	0.224973	     0.2	#_69        
 1959	7	4	0.241829	     0.2	#_70        
 1960	7	4	0.161361	     0.2	#_71        
 1961	7	4	0.209665	     0.2	#_72        
 1962	7	4	0.162931	     0.2	#_73        
 1963	7	4	0.186544	     0.2	#_74        
 1964	7	4	0.228549	     0.2	#_75        
 1965	7	4	0.126049	     0.2	#_76        
 1966	7	4	0.154873	     0.2	#_77        
 1967	7	4	0.156193	     0.2	#_78        
 1968	7	4	0.173611	     0.2	#_79        
 1969	7	4	0.249953	     0.2	#_80        
 1970	7	4	0.211613	     0.2	#_81        
 1971	7	4	 0.19165	     0.2	#_82        
 1972	7	4	0.185686	     0.2	#_83        
 1973	7	4	0.197483	     0.2	#_84        
 1974	7	4	0.148829	     0.2	#_85        
 1975	7	4	0.196647	     0.2	#_86        
 1976	7	4	0.207409	     0.2	#_87        
 1977	7	4	0.195266	     0.2	#_88        
 1978	7	4	0.178509	     0.2	#_89        
 1979	7	4	0.253144	     0.2	#_90        
 1980	7	4	0.210004	     0.2	#_91        
 1981	7	4	0.248348	     0.2	#_92        
 1982	7	4	0.164716	     0.2	#_93        
 1983	7	4	0.227277	     0.2	#_94        
 1984	7	4	0.148717	     0.2	#_95        
 1985	7	4	0.224828	     0.2	#_96        
 1986	7	4	0.138145	     0.2	#_97        
 1987	7	4	0.133296	     0.2	#_98        
 1988	7	4	0.188345	     0.2	#_99        
 1989	7	4	0.221563	     0.2	#_100       
 1990	7	4	0.176534	     0.2	#_101       
 1991	7	4	0.231972	     0.2	#_102       
 1992	7	4	0.211663	     0.2	#_103       
 1993	7	4	0.219564	     0.2	#_104       
 1994	7	4	0.159301	     0.2	#_105       
 1995	7	4	0.205685	     0.2	#_106       
 1996	7	4	0.206829	     0.2	#_107       
 1997	7	4	 0.21901	     0.2	#_108       
 1998	7	4	0.221021	     0.2	#_109       
 1999	7	4	0.184478	     0.2	#_110       
 2000	7	4	0.208596	     0.2	#_111       
 2001	7	4	0.159433	     0.2	#_112       
 2002	7	4	0.205056	     0.2	#_113       
 2003	7	4	0.220895	     0.2	#_114       
 2004	7	4	 0.19097	     0.2	#_115       
 2005	7	4	0.209031	     0.2	#_116       
 2006	7	4	0.150237	     0.2	#_117       
 2007	7	4	0.279017	     0.2	#_118       
 2008	7	4	0.185154	     0.2	#_119       
 2009	7	4	0.232756	     0.2	#_120       
 2010	7	4	0.173848	     0.2	#_121       
 2011	7	4	0.165356	     0.2	#_122       
 2012	7	4	0.172387	     0.2	#_123       
 2013	7	4	 0.25057	     0.2	#_124       
 2014	7	4	0.266204	     0.2	#_125       
 2015	7	4	0.214983	     0.2	#_126       
 2016	7	4	0.270778	     0.2	#_127       
 2017	7	4	0.167293	     0.2	#_128       
 1986	7	5	0.953319	  0.2867	#_129       
 1987	7	5	0.869677	  0.2748	#_130       
 1988	7	5	 1.32881	  0.1925	#_131       
 1989	7	5	0.687456	  0.1934	#_132       
 1990	7	5	0.943199	  0.1798	#_133       
 1991	7	5	0.725322	  0.1783	#_134       
 1992	7	5	 1.14608	  0.1707	#_135       
 1993	7	5	 1.01597	  0.1765	#_136       
 1994	7	5	 1.47478	  0.1742	#_137       
 1995	7	5	0.749702	  0.1863	#_138       
 1996	7	5	0.881871	  0.1988	#_139       
 1997	7	5	 1.12248	  0.1964	#_140       
 1998	7	5	0.944194	  0.2188	#_141       
 1999	7	5	 1.14624	  0.2329	#_142       
 2000	7	5	0.926611	   0.222	#_143       
 2001	7	5	0.959945	  0.2137	#_144       
 2002	7	5	0.908688	  0.2118	#_145       
 2003	7	5	 1.00866	   0.209	#_146       
 2004	7	5	  1.1734	   0.204	#_147       
 2005	7	5	 1.05162	  0.2055	#_148       
 2006	7	5	0.873686	   0.221	#_149       
 2007	7	5	 1.24407	  0.2315	#_150       
 2008	7	5	0.879571	  0.2009	#_151       
 2009	7	5	0.979295	   0.197	#_152       
 2010	7	5	0.807793	   0.215	#_153       
 2011	7	5	0.877943	  0.1938	#_154       
 2012	7	5	 1.06551	  0.1944	#_155       
 2013	7	5	0.693304	  0.1787	#_156       
 2014	7	5	0.712806	  0.1678	#_157       
 2015	7	5	 1.20761	  0.1667	#_158       
 2016	7	5	0.989569	  0.1586	#_159       
 2017	7	5	 1.17284	  0.1488	#_160       
 1986	7	6	 1.02723	  0.2083	#_161       
 1987	7	6	0.715226	  0.1987	#_162       
 1988	7	6	 0.81289	  0.2146	#_163       
 1989	7	6	 1.11865	  0.2046	#_164       
 1990	7	6	 0.88064	  0.1904	#_165       
 1991	7	6	0.694061	  0.1948	#_166       
 1992	7	6	 1.14276	  0.1829	#_167       
 1993	7	6	0.854497	   0.171	#_168       
 1994	7	6	0.977409	  0.1669	#_169       
 1995	7	6	 1.41211	  0.1657	#_170       
 1996	7	6	0.857035	  0.1722	#_171       
 1997	7	6	 1.01633	  0.1842	#_172       
 1998	7	6	0.906691	  0.1768	#_173       
 1999	7	6	 1.04471	  0.2036	#_174       
 2000	7	6	0.916249	  0.1975	#_175       
 2001	7	6	 1.22054	  0.1901	#_176       
 2002	7	6	 0.82985	  0.1787	#_177       
 2003	7	6	0.906071	   0.177	#_178       
 2004	7	6	0.820675	  0.1741	#_179       
 2005	7	6	0.894804	  0.1719	#_180       
 2006	7	6	0.931608	  0.1868	#_181       
 2007	7	6	 1.09154	  0.1805	#_182       
 2008	7	6	 1.28376	   0.285	#_183       
 2009	7	6	0.898853	  0.2194	#_184       
 2010	7	6	0.735686	  0.2089	#_185       
 2011	7	6	 0.84512	  0.2093	#_186       
 2012	7	6	0.663074	  0.2191	#_187       
 2013	7	6	0.833696	  0.2211	#_188       
 2014	7	6	0.608747	  0.2486	#_189       
 2015	7	6	0.878262	  0.2178	#_190       
 2016	7	6	 1.11931	  0.2273	#_191       
 2017	7	6	 1.11279	  0.2523	#_192       
 1986	7	7	 1.07859	0.229322	#_193       
 1987	7	7	0.796772	 0.18555	#_194       
 1990	7	7	 1.28848	 0.25466	#_195       
 1991	7	7	0.852528	0.220455	#_196       
 1993	7	7	0.962298	0.215298	#_197       
 1994	7	7	0.996637	0.188572	#_198       
 1995	7	7	0.926955	0.203662	#_199       
 1996	7	7	 1.43339	 0.20671	#_200       
 1997	7	7	0.910998	0.185845	#_201       
 1999	7	7	0.862715	0.204291	#_202       
 2000	7	7	 1.17938	0.207054	#_203       
 2001	7	7	 1.00629	0.196769	#_204       
 2003	7	7	 1.09564	0.182395	#_205       
 2006	7	7	 1.19535	0.192207	#_206       
 2007	7	7	 1.05726	0.177098	#_207       
 2009	7	7	0.824131	0.186419	#_208       
 2010	7	7	 1.18146	0.192591	#_209       
 2011	7	7	 1.04898	0.194557	#_210       
 2012	7	7	0.960981	0.190458	#_211       
 2013	7	7	0.690556	0.196107	#_212       
 2014	7	7	0.802318	0.194256	#_213       
 2016	7	7	0.785728	0.195724	#_214       
 1993	7	8	 1.26035	0.295683	#_215       
 1994	7	8	0.818324	0.216693	#_216       
 1995	7	8	0.869436	0.507363	#_217       
 1996	7	8	 1.23018	0.291294	#_218       
 1997	7	8	0.896445	0.196541	#_219       
 2002	7	8	0.997706	0.223033	#_220       
 2004	7	8	 1.65992	0.213692	#_221       
 2005	7	8	 1.02065	0.160119	#_222       
 2006	7	8	 1.02536	 0.32592	#_223       
 2007	7	8	 1.18228	0.156685	#_224       
 2008	7	8	0.978483	0.209761	#_225       
 2009	7	8	 1.07284	0.173403	#_226       
 2010	7	8	 1.02671	0.157207	#_227       
 2011	7	8	 1.06146	0.111457	#_228       
 2012	7	8	0.993692	0.133449	#_229       
 2013	7	8	 1.17573	0.141149	#_230       
 2014	7	8	 0.93633	 0.11175	#_231       
 2015	7	8	 0.86832	0.132806	#_232       
 2016	7	8	0.969566	0.117429	#_233       
 2017	7	8	 1.28479	0.124566	#_234       
 2009	7	9	0.750891	0.243001	#_235       
 2010	7	9	0.625414	0.265449	#_236       
 2011	7	9	0.578411	0.261243	#_237       
 2012	7	9	0.703495	0.207352	#_238       
 2013	7	9	 1.49776	0.253906	#_239       
 2014	7	9	 1.00807	0.260064	#_240       
 2015	7	9	 1.03155	0.226881	#_241       
 2016	7	9	0.846756	0.228247	#_242       
 2017	7	9	  1.1414	0.250359	#_243       
-9999	0	0	       0	       0	#_terminator
4 #_N_discard_fleets
#_discard_units (1=same_as_catchunits(bio/num); 2=fraction; 3=numbers)
#_discard_errtype:  >0 for DF of T-dist(read CV below); 0 for normal with CV; -1 for normal with se; -2 for lognormal
#
#_discard_fleet_info
#_Fleet	units	errtype
1	1	-2	#_CM_E   
2	1	-2	#_CM_W   
3	1	-2	#_REC    
4	1	-2	#_SMP_BYC
#
#_discard_data
#_Yr	Seas	Flt	Discard	Std_in
 1993	 7	 1	14.6603	0.3	#_1         
 1994	 7	 1	15.1649	0.3	#_2         
 1995	 7	 1	11.7832	0.3	#_3         
 1996	 7	 1	16.2558	0.3	#_4         
 1997	 7	 1	21.1892	0.3	#_5         
 1998	 7	 1	20.2656	0.3	#_6         
 1999	 7	 1	37.8543	0.3	#_7         
 2000	 7	 1	15.7887	0.3	#_8         
 2001	 7	 1	25.9026	0.3	#_9         
 2002	 7	 1	 20.983	0.3	#_10        
 2003	 7	 1	24.4086	0.3	#_11        
 2004	 7	 1	37.2228	0.3	#_12        
 2005	 7	 1	203.522	0.3	#_13        
 2006	 7	 1	275.212	0.3	#_14        
 2007	 7	 1	164.663	0.3	#_15        
 2008	 7	 1	109.203	0.3	#_16        
 2009	 7	 1	66.6169	0.3	#_17        
 2010	 7	 1	 92.324	0.3	#_18        
 2011	 7	 1	37.9643	0.3	#_19        
 2012	 7	 1	59.7865	0.3	#_20        
 2013	 7	 1	62.1263	0.3	#_21        
 2014	 7	 1	69.6752	0.3	#_22        
 2015	 7	 1	78.2643	0.3	#_23        
 2016	 7	 1	95.9254	0.3	#_24        
 2017	 7	 1	85.4598	0.3	#_25        
 1993	 7	 2	8.59829	0.3	#_26        
 1994	 7	 2	11.1228	0.3	#_27        
 1995	 7	 2	10.2592	0.3	#_28        
 1996	 7	 2	8.23643	0.3	#_29        
 1997	 7	 2	13.3888	0.3	#_30        
 1998	 7	 2	 10.805	0.3	#_31        
 1999	 7	 2	 9.2716	0.3	#_32        
 2000	 7	 2	6.76143	0.3	#_33        
 2001	 7	 2	10.3738	0.3	#_34        
 2002	 7	 2	 13.005	0.3	#_35        
 2003	 7	 2	16.1718	0.3	#_36        
 2004	 7	 2	8.46991	0.3	#_37        
 2005	 7	 2	157.105	0.3	#_38        
 2006	 7	 2	138.296	0.3	#_39        
 2007	 7	 2	138.723	0.3	#_40        
 2008	 7	 2	35.0433	0.3	#_41        
 2009	 7	 2	43.0334	0.3	#_42        
 2010	 7	 2	56.8621	0.3	#_43        
 2011	 7	 2	37.4228	0.3	#_44        
 2012	 7	 2	21.0273	0.3	#_45        
 2013	 7	 2	54.6915	0.3	#_46        
 2014	 7	 2	44.0777	0.3	#_47        
 2015	 7	 2	31.4212	0.3	#_48        
 2016	 7	 2	29.0614	0.3	#_49        
 2017	 7	 2	77.4223	0.3	#_50        
 1982	 7	 3	 8.3512	0.3	#_51        
 1983	 7	 3	 5.3284	0.3	#_52        
 1984	 7	 3	8.67877	0.3	#_53        
 1985	 7	 3	12.5524	0.3	#_54        
 1986	 7	 3	11.1812	0.3	#_55        
 1987	 7	 3	13.5833	0.3	#_56        
 1988	 7	 3	5.45468	0.3	#_57        
 1989	 7	 3	11.1314	0.3	#_58        
 1990	 7	 3	132.856	0.3	#_59        
 1991	 7	 3	235.152	0.3	#_60        
 1992	 7	 3	 213.75	0.3	#_61        
 1993	 7	 3	148.039	0.3	#_62        
 1994	 7	 3	151.056	0.3	#_63        
 1995	 7	 3	258.859	0.3	#_64        
 1996	 7	 3	267.441	0.3	#_65        
 1997	 7	 3	521.615	0.3	#_66        
 1998	 7	 3	 434.02	0.3	#_67        
 1999	 7	 3	508.961	0.3	#_68        
 2000	 7	 3	617.821	0.3	#_69        
 2001	 7	 3	473.046	0.3	#_70        
 2002	 7	 3	435.871	0.3	#_71        
 2003	 7	 3	337.001	0.3	#_72        
 2004	 7	 3	848.077	0.3	#_73        
 2005	 7	 3	1366.53	0.3	#_74        
 2006	 7	 3	1131.08	0.3	#_75        
 2007	 7	 3	456.362	0.3	#_76        
 2008	 7	 3	441.282	0.3	#_77        
 2009	 7	 3	599.316	0.3	#_78        
 2010	 7	 3	479.371	0.3	#_79        
 2011	 7	 3	533.326	0.3	#_80        
 2012	 7	 3	339.324	0.3	#_81        
 2013	 7	 3	644.135	0.3	#_82        
 2014	 7	 3	 586.63	0.3	#_83        
 2015	 7	 3	883.333	0.3	#_84        
 2016	 7	 3	529.376	0.3	#_85        
 2017	 7	 3	398.492	0.3	#_86        
 1972	-7	 4	948.166	0.1	#_87        
 1973	 7	-4	1010.31	0.5	#_88        
 1974	 7	-4	1010.31	0.5	#_89        
 1975	 7	-4	1010.31	0.5	#_90        
 1976	 7	-4	1010.31	0.5	#_91        
 1977	 7	-4	1010.31	0.5	#_92        
 1978	 7	-4	1010.31	0.5	#_93        
 1979	 7	-4	1010.31	0.5	#_94        
 1980	 7	-4	1010.31	0.5	#_95        
 1981	 7	-4	1010.31	0.5	#_96        
 1982	 7	-4	1010.31	0.5	#_97        
 1983	 7	-4	1010.31	0.5	#_98        
 1984	 7	-4	1010.31	0.5	#_99        
 1985	 7	-4	1010.31	0.5	#_100       
 1986	 7	-4	1010.31	0.5	#_101       
 1987	 7	-4	1010.31	0.5	#_102       
 1988	 7	-4	1010.31	0.5	#_103       
 1989	 7	-4	1010.31	0.5	#_104       
 1990	 7	-4	1010.31	0.5	#_105       
 1991	 7	-4	1010.31	0.5	#_106       
 1992	 7	-4	1010.31	0.5	#_107       
 1993	 7	-4	1010.31	0.5	#_108       
 1994	 7	-4	1010.31	0.5	#_109       
 1995	 7	-4	1010.31	0.5	#_110       
 1996	 7	-4	1010.31	0.5	#_111       
 1997	 7	-4	1010.31	0.5	#_112       
 1998	 7	-4	1010.31	0.5	#_113       
 1999	 7	-4	1010.31	0.5	#_114       
 2000	 7	-4	1010.31	0.5	#_115       
 2001	 7	-4	1010.31	0.5	#_116       
 2002	 7	-4	1010.31	0.5	#_117       
 2003	 7	-4	1010.31	0.5	#_118       
 2004	 7	-4	1010.31	0.5	#_119       
 2005	 7	-4	1010.31	0.5	#_120       
 2006	 7	-4	1010.31	0.5	#_121       
 2007	 7	-4	1010.31	0.5	#_122       
 2008	 7	-4	1010.31	0.5	#_123       
 2009	 7	-4	1010.31	0.5	#_124       
 2010	 7	-4	1010.31	0.5	#_125       
 2011	 7	-4	1010.31	0.5	#_126       
 2012	 7	-4	1010.31	0.5	#_127       
 2013	 7	-4	1010.31	0.5	#_128       
 2014	 7	-4	1010.31	0.5	#_129       
 2015	 7	-4	1010.31	0.5	#_130       
 2016	 7	-4	1010.31	0.5	#_131       
 2017	-7	-4	1010.31	0.5	#_132       
-9999	 0	 0	      0	  0	#_terminator
#
#_meanbodywt
0 #_use_meanbodywt
 #_DF_for_meanbodywt_T-distribution_like
#
#_population_length_bins
1 # length bin method: 1=use databins; 2=generate from binwidth,min,max below; 3=read vector
1 #_use_lencomp
#
#_len_info
#_mintailcomp	addtocomp	combine_M_F	CompressBins	CompError	ParmSelect	minsamplesize
1e-04	1e-07	0	0	0	0	1	#_CM_E   
1e-04	1e-07	0	0	0	0	1	#_CM_W   
1e-04	1e-07	0	0	0	0	1	#_REC    
1e-04	1e-07	0	0	0	0	1	#_SMP_BYC
1e-04	1e-07	0	0	0	0	1	#_HB_E   
1e-04	1e-07	0	0	0	0	1	#_HB_W   
1e-04	1e-07	0	0	0	0	1	#_LARVAL 
1e-04	1e-07	0	0	0	0	1	#_VIDEO  
1e-04	1e-07	0	0	0	0	1	#_SEAMAP 
12 #_N_lbins
#_lbin_vector
1 5 10 15 20 25 30 35 40 45 50 55 #_lbin_vector
#
#_lencomp
#_Yr	Seas	FltSvy	Gender	Part	Nsamp	l1	l5	l10	l15	l20	l25	l30	l35	l40	l45	l50	l55
 2002	7	8	0	0	 17	0	0	 1	 1	 5	 3	 5	2	0	0	0	0	#_1         
 2004	7	8	0	0	  6	0	0	 0	 2	 1	 1	 1	1	0	0	0	0	#_2         
 2005	7	8	0	0	 38	0	0	 2	 5	17	 7	 4	1	2	0	0	0	#_3         
 2006	7	8	0	0	 18	0	0	 0	 3	 2	 8	 3	2	0	0	0	0	#_4         
 2007	7	8	0	0	 11	0	0	 0	 1	 5	 2	 1	0	1	1	0	0	#_5         
 2008	7	8	0	0	  8	0	0	 0	 1	 2	 2	 1	0	2	0	0	0	#_6         
 2009	7	8	0	0	 25	0	0	 0	 4	 6	 6	 5	3	1	0	0	0	#_7         
 2010	7	8	0	0	 32	0	0	 5	 3	 2	 9	 6	3	4	0	0	0	#_8         
 2011	7	8	0	0	 47	0	0	 2	 6	10	15	 9	4	0	1	0	0	#_9         
 2012	7	8	0	0	 39	0	1	 2	 7	 8	13	 4	4	0	0	0	0	#_10        
 2013	7	8	0	0	100	0	0	16	16	30	19	 9	6	4	0	0	0	#_11        
 2014	7	8	0	0	100	0	0	 7	20	31	26	10	4	1	1	0	0	#_12        
 2015	7	8	0	0	 74	0	2	 3	19	17	16	12	1	2	0	2	0	#_13        
 2016	7	8	0	0	 32	0	0	 2	 4	 7	11	 5	2	1	0	0	0	#_14        
 2017	7	8	0	0	100	0	0	 7	22	30	22	 7	6	3	3	0	0	#_15        
 2009	7	9	0	0	 35	0	0	 8	14	10	 3	 0	0	0	0	0	0	#_16        
 2010	7	9	0	0	100	0	3	26	41	28	 2	 0	0	0	0	0	0	#_17        
 2011	7	9	0	0	 17	0	0	 5	 8	 3	 1	 0	0	0	0	0	0	#_18        
 2012	7	9	0	0	 11	0	1	 3	 4	 3	 0	 0	0	0	0	0	0	#_19        
 2013	7	9	0	0	 37	0	0	12	16	 6	 3	 0	0	0	0	0	0	#_20        
 2014	7	9	0	0	 69	0	0	11	34	23	 1	 0	0	0	0	0	0	#_21        
 2015	7	9	0	0	 37	0	1	10	11	12	 3	 0	0	0	0	0	0	#_22        
 2016	7	9	0	0	 38	0	4	 6	13	15	 0	 0	0	0	0	0	0	#_23        
 2017	7	9	0	0	100	0	4	20	40	34	 2	 0	0	0	0	0	0	#_24        
-9999	0	0	0	0	  0	0	0	 0	 0	 0	 0	 0	0	0	0	0	0	#_terminator
14 #_N_agebins
#
#_agebin_vector
1 2 3 4 5 6 7 8 9 10 11 12 13 14 #_agebin_vector
#
#_ageing_error
1 #_N_ageerror_definitions
#_age0	age1	age2	age3	age4	age5	age6	age7	age8	age9	age10	age11	age12	age13	age14
  0.5	  1.5	  2.5	  3.5	  4.5	  5.5	  6.5	  7.5	  8.5	  9.5	 10.5	 11.5	 12.5	 13.5	 14.5	#_1
0.001	0.001	0.001	0.001	0.001	0.001	0.001	0.001	0.001	0.001	0.001	0.001	0.001	0.001	0.001	#_2
#
#_age_info
#_mintailcomp	addtocomp	combine_M_F	CompressBins	CompError	ParmSelect	minsamplesize
1e-04	1e-07	0	0	0	0	1	#_CM_E   
1e-04	1e-07	0	0	0	0	1	#_CM_W   
1e-04	1e-07	0	0	0	0	1	#_REC    
1e-04	1e-07	0	0	0	0	1	#_SMP_BYC
1e-04	1e-07	0	0	0	0	1	#_HB_E   
1e-04	1e-07	0	0	0	0	1	#_HB_W   
1e-04	1e-07	0	0	0	0	1	#_LARVAL 
1e-04	1e-07	0	0	0	0	1	#_VIDEO  
1e-04	1e-07	0	0	0	0	1	#_SEAMAP 
2 #_Lbin_method: 1=poplenbins; 2=datalenbins; 3=lengths
 #_combine males into females at or below this bin number
#_Yr	Seas	FltSvy	Gender	Part	Ageerr	Lbin_lo	Lbin_hi	Nsamp	a1	a2	a3	a4	a5	a6	a7	a8	a9	a10	a11	a12	a13	a14
 1995	7	1	0	2	1	-1	-1	  3	0	 0	 0	 0	 2	 0	 1	 0	 0	0	0	0	0	0	#_1         
 1998	7	1	0	2	1	-1	-1	  6	0	 0	 1	 0	 2	 1	 0	 0	 0	0	1	1	0	0	#_2         
 2000	7	1	0	2	1	-1	-1	  8	0	 1	 0	 1	 0	 1	 1	 0	 1	0	0	1	1	1	#_3         
 2001	7	1	0	2	1	-1	-1	 23	0	 4	 4	 4	 4	 0	 1	 2	 1	0	2	0	0	1	#_4         
 2002	7	1	0	2	1	-1	-1	100	0	15	20	21	 9	 8	 9	 6	 2	3	0	3	1	3	#_5         
 2003	7	1	0	2	1	-1	-1	 23	0	 5	 3	 3	 6	 1	 1	 2	 0	0	0	0	2	0	#_6         
 2004	7	1	0	2	1	-1	-1	 33	0	 6	 8	 5	 5	 2	 2	 2	 2	0	1	0	0	0	#_7         
 2005	7	1	0	2	1	-1	-1	100	0	 3	20	20	 5	17	17	 6	 2	7	0	2	0	1	#_8         
 2006	7	1	0	2	1	-1	-1	 59	0	 3	11	14	13	 4	 3	 5	 1	3	0	0	0	2	#_9         
 2007	7	1	0	2	1	-1	-1	 54	0	 0	 7	 6	 8	12	 1	 4	 8	0	2	2	2	2	#_10        
 2008	7	1	0	2	1	-1	-1	100	0	 3	 9	21	21	11	11	 9	 6	5	0	0	0	4	#_11        
 2009	7	1	0	2	1	-1	-1	100	0	 8	17	16	14	 9	 9	 9	 2	4	3	3	2	4	#_12        
 2010	7	1	0	2	1	-1	-1	 32	0	 1	 7	 5	 3	 3	 3	 3	 2	1	1	0	2	1	#_13        
 2011	7	1	0	2	1	-1	-1	 87	0	 4	21	14	11	 3	13	 6	 6	4	2	2	0	1	#_14        
 2012	7	1	0	2	1	-1	-1	 99	0	 6	11	21	14	13	 6	11	 3	2	3	1	5	3	#_15        
 2013	7	1	0	2	1	-1	-1	 55	0	 3	13	 6	 9	 6	 3	 1	 3	2	3	3	0	3	#_16        
 2014	7	1	0	2	1	-1	-1	 79	0	 7	13	17	 2	15	 9	 3	 1	1	2	5	3	1	#_17        
 2015	7	1	0	2	1	-1	-1	100	0	14	23	11	13	 4	11	 7	 6	0	0	2	2	7	#_18        
 2016	7	1	0	2	1	-1	-1	100	0	 2	32	24	 7	14	 1	 5	 7	0	2	1	1	4	#_19        
 2017	7	1	0	2	1	-1	-1	100	0	11	 7	37	15	 5	 9	 4	 2	1	1	0	0	8	#_20        
 1994	7	2	0	2	1	-1	-1	  8	0	 0	 1	 3	 0	 1	 0	 2	 0	0	0	0	0	1	#_21        
 1995	7	2	0	2	1	-1	-1	  7	0	 0	 2	 1	 1	 1	 1	 0	 0	1	0	0	0	0	#_22        
 2000	7	2	0	2	1	-1	-1	 64	0	 0	 8	10	14	 7	 7	 6	 2	3	0	2	0	5	#_23        
 2001	7	2	0	2	1	-1	-1	 48	0	 0	 8	 6	 6	10	 3	 4	 1	3	1	2	2	2	#_24        
 2002	7	2	0	2	1	-1	-1	 34	0	 0	 3	 6	 4	 4	 8	 1	 3	1	1	1	1	1	#_25        
 2003	7	2	0	2	1	-1	-1	 30	0	 1	 1	 6	 9	 3	 3	 3	 0	3	0	0	0	1	#_26        
 2004	7	2	0	2	1	-1	-1	100	0	 3	17	16	14	14	 6	 4	12	5	3	3	0	3	#_27        
 2005	7	2	0	2	1	-1	-1	 21	0	 0	 2	 5	 0	 2	 4	 2	 3	1	0	0	1	1	#_28        
 2006	7	2	0	2	1	-1	-1	 16	0	 0	 0	 1	 2	 2	 3	 2	 0	2	0	1	1	2	#_29        
 2007	7	2	0	2	1	-1	-1	100	0	 1	 4	 6	29	19	 7	 8	 9	6	2	3	2	4	#_30        
 2008	7	2	0	2	1	-1	-1	100	0	 1	10	10	13	27	18	 3	 2	6	0	4	3	3	#_31        
 2009	7	2	0	2	1	-1	-1	100	0	 2	 7	14	11	12	13	15	 5	7	4	1	2	7	#_32        
 2010	7	2	0	2	1	-1	-1	 59	1	 0	 6	 2	 6	 9	 7	13	 4	1	3	4	0	3	#_33        
 2011	7	2	0	2	1	-1	-1	100	0	 0	 8	10	22	17	 8	 9	 5	7	1	2	3	8	#_34        
 2012	7	2	0	2	1	-1	-1	 89	0	 2	 5	11	10	14	 4	12	13	6	7	1	1	3	#_35        
 2013	7	2	0	2	1	-1	-1	 48	0	 2	 3	 3	14	 6	 4	 6	 2	1	3	1	1	2	#_36        
 2014	7	2	0	2	1	-1	-1	 47	0	 1	 4	 9	 8	 6	 3	 2	 2	2	2	2	1	5	#_37        
 2015	7	2	0	2	1	-1	-1	 23	0	 0	 4	 2	 3	 2	 6	 3	 1	0	2	0	0	0	#_38        
 2016	7	2	0	2	1	-1	-1	 82	0	 0	13	18	16	11	 3	 3	 2	4	1	2	3	6	#_39        
 2017	7	2	0	2	1	-1	-1	 89	0	 1	 1	18	21	15	10	 6	 2	2	3	4	1	5	#_40        
 1994	7	3	0	2	1	-1	-1	 13	0	 0	 4	 5	 2	 0	 0	 2	 0	0	0	0	0	0	#_41        
 1995	7	3	0	2	1	-1	-1	  6	0	 0	 1	 2	 0	 1	 2	 0	 0	0	0	0	0	0	#_42        
 1996	7	3	0	2	1	-1	-1	 77	2	 5	22	17	16	 6	 2	 3	 2	2	0	0	0	0	#_43        
 1997	7	3	0	2	1	-1	-1	 15	0	 2	 3	 1	 2	 4	 1	 1	 1	0	0	0	0	0	#_44        
 1998	7	3	0	2	1	-1	-1	 13	0	 0	 8	 2	 1	 0	 1	 1	 0	0	0	0	0	0	#_45        
 1999	7	3	0	2	1	-1	-1	 25	0	 1	 6	10	 1	 3	 3	 0	 0	0	0	0	1	0	#_46        
 2000	7	3	0	2	1	-1	-1	 61	0	11	16	 9	13	 3	 3	 4	 0	0	1	0	0	1	#_47        
 2001	7	3	0	2	1	-1	-1	  7	0	 1	 3	 0	 0	 1	 0	 1	 0	1	0	0	0	0	#_48        
 2002	7	3	0	2	1	-1	-1	 15	0	 1	 2	 3	 1	 1	 3	 1	 2	1	0	0	0	0	#_49        
 2003	7	3	0	2	1	-1	-1	 19	0	 1	 5	 5	 2	 0	 4	 2	 0	0	0	0	0	0	#_50        
 2004	7	3	0	2	1	-1	-1	  4	0	 0	 2	 0	 0	 2	 0	 0	 0	0	0	0	0	0	#_51        
 2005	7	3	0	2	1	-1	-1	 54	0	 0	16	14	10	 7	 6	 1	 0	0	0	0	0	0	#_52        
 2006	7	3	0	2	1	-1	-1	 93	0	 2	13	26	18	 9	 9	 9	 2	5	0	0	0	0	#_53        
 2007	7	3	0	2	1	-1	-1	100	0	 5	 9	17	27	24	 8	 6	 2	1	0	0	0	1	#_54        
 2008	7	3	0	2	1	-1	-1	 42	0	 2	12	 6	 4	10	 5	 0	 2	1	0	0	0	0	#_55        
 2009	7	3	0	2	1	-1	-1	100	0	 1	18	14	16	23	14	 7	 3	1	0	2	1	0	#_56        
 2010	7	3	0	2	1	-1	-1	 20	0	 0	 5	 6	 2	 2	 3	 2	 0	0	0	0	0	0	#_57        
 2011	7	3	0	2	1	-1	-1	 78	2	 2	24	15	14	 9	 4	 2	 3	1	0	2	0	0	#_58        
 2012	7	3	0	2	1	-1	-1	100	1	 9	26	23	15	 7	 6	 3	 3	5	1	0	0	1	#_59        
 2013	7	3	0	2	1	-1	-1	100	0	 2	33	15	15	15	10	 7	 1	1	0	0	1	0	#_60        
 2014	7	3	0	2	1	-1	-1	100	1	16	18	25	10	11	 6	 5	 0	2	0	3	3	0	#_61        
 2015	7	3	0	2	1	-1	-1	 46	0	 7	15	10	 5	 4	 3	 0	 0	0	1	0	1	0	#_62        
 2016	7	3	0	2	1	-1	-1	100	0	 4	41	23	 8	11	 5	 3	 2	2	0	0	0	1	#_63        
 2017	7	3	0	2	1	-1	-1	100	0	 5	10	39	23	 8	 6	 3	 2	2	0	0	0	2	#_64        
-9999	0	0	0	0	0	 0	 0	  0	0	 0	 0	 0	 0	 0	 0	 0	 0	0	0	0	0	0	#_terminator
#
#_MeanSize_at_Age_obs
0 #_use_MeanSize_at_Age_obs
0 #_N_environ_variables
0 #_N_sizefreq_methods
0 #_do_tags
0 #_morphcomp_data
0 #_use_selectivity_priors
#
999
