#V3.30
#C data file created using the SS_writedat function in the R package r4ss
#C file write time: 2024-02-21 21:56:55.410977
#
1980 #_styr
2010 #_endyr
1 #_nseas
12 #_months_per_seas
2 #_Nsubseasons
1 #_spawn_month
2 #_Nsexes
95 #_Nages
1 #_N_areas
13 #_Nfleets
#_fleetinfo
#_type	surveytiming	area	units	need_catch_mult	fleetname
1	-1	1	1	0	TRAWL            	#_1 
1	-1	1	1	0	Trawl_Discard    	#_2 
1	-1	1	1	0	MIDWATER         	#_3 
1	-1	1	1	0	A-SHOP           	#_4 
1	-1	1	1	0	HKL              	#_5 
1	-1	1	1	0	Hkl_Discard      	#_6 
1	-1	1	1	0	OTHERS           	#_7 
1	-1	1	1	0	RECREATIONAL     	#_8 
3	 1	1	2	0	AFSC_triennial   	#_9 
3	 1	1	2	0	AFSC_slope       	#_10
3	 1	1	2	0	NWFSC_shelf_slope	#_11
3	 1	1	2	0	NWFSC_slope      	#_12
3	 1	1	2	0	IPHC             	#_13
#_Catch data
#_year	season	fleet	catch	catch_se
 -999	1	1	       0	0.05	#_1         
 1980	1	1	       0	0.01	#_2         
 1981	1	1	       0	0.01	#_3         
 1982	1	1	       0	0.01	#_4         
 1983	1	1	       0	0.01	#_5         
 1984	1	1	       0	0.01	#_6         
 1985	1	1	       0	0.01	#_7         
 1986	1	1	       0	0.01	#_8         
 1987	1	1	       0	0.01	#_9         
 1988	1	1	       0	0.01	#_10        
 1989	1	1	       0	0.01	#_11        
 1990	1	1	       0	0.01	#_12        
 1991	1	1	       0	0.01	#_13        
 1992	1	1	       0	0.01	#_14        
 1993	1	1	       0	0.01	#_15        
 1994	1	1	       0	0.01	#_16        
 1995	1	1	       0	0.01	#_17        
 1996	1	1	       0	0.01	#_18        
 1997	1	1	       0	0.01	#_19        
 1998	1	1	       0	0.01	#_20        
 1999	1	1	       0	0.01	#_21        
 2000	1	1	       0	0.01	#_22        
 2001	1	1	       0	0.01	#_23        
 2002	1	1	       0	0.01	#_24        
 2003	1	1	       0	0.01	#_25        
 2004	1	1	       0	0.01	#_26        
 2005	1	1	       0	0.01	#_27        
 2006	1	1	       0	0.01	#_28        
 2007	1	1	       0	0.01	#_29        
 2008	1	1	       0	0.01	#_30        
 2009	1	1	       0	0.01	#_31        
 2010	1	1	       0	0.01	#_32        
 -999	1	2	       0	0.01	#_33        
 1980	1	2	 904.543	0.05	#_34        
 1981	1	2	 986.072	0.05	#_35        
 1982	1	2	 907.901	0.05	#_36        
 1983	1	2	 520.342	0.05	#_37        
 1984	1	2	 983.197	0.05	#_38        
 1985	1	2	 989.007	0.05	#_39        
 1986	1	2	 877.838	0.05	#_40        
 1987	1	2	  898.54	0.05	#_41        
 1988	1	2	 964.124	0.05	#_42        
 1989	1	2	 880.947	0.05	#_43        
 1990	1	2	 936.452	0.05	#_44        
 1991	1	2	 656.577	0.05	#_45        
 1992	1	2	 486.166	0.05	#_46        
 1993	1	2	  520.79	0.05	#_47        
 1994	1	2	  345.14	0.05	#_48        
 1995	1	2	  926.13	0.05	#_49        
 1996	1	2	 988.895	0.05	#_50        
 1997	1	2	 939.544	0.05	#_51        
 1998	1	2	 891.053	0.05	#_52        
 1999	1	2	 875.992	0.05	#_53        
 2000	1	2	 966.483	0.05	#_54        
 2001	1	2	 941.498	0.05	#_55        
 2002	1	2	 855.913	0.05	#_56        
 2003	1	2	 806.688	0.05	#_57        
 2004	1	2	 1114.19	0.05	#_58        
 2005	1	2	 1517.41	0.05	#_59        
 2006	1	2	   906.4	0.05	#_60        
 2007	1	2	 658.012	0.05	#_61        
 2008	1	2	 993.735	0.05	#_62        
 2009	1	2	 587.012	0.05	#_63        
 2010	1	2	  690.53	0.05	#_64        
 -999	1	3	       0	0.05	#_65        
 1980	1	3	       0	0.01	#_66        
 1981	1	3	       0	0.01	#_67        
 1982	1	3	       0	0.01	#_68        
 1983	1	3	       0	0.01	#_69        
 1984	1	3	       0	0.01	#_70        
 1985	1	3	       0	0.01	#_71        
 1986	1	3	       0	0.01	#_72        
 1987	1	3	       0	0.01	#_73        
 1988	1	3	       0	0.01	#_74        
 1989	1	3	       0	0.01	#_75        
 1990	1	3	       0	0.01	#_76        
 1991	1	3	       0	0.01	#_77        
 1992	1	3	       0	0.01	#_78        
 1993	1	3	       0	0.01	#_79        
 1994	1	3	       0	0.01	#_80        
 1995	1	3	       0	0.01	#_81        
 1996	1	3	       0	0.01	#_82        
 1997	1	3	       0	0.01	#_83        
 1998	1	3	       0	0.01	#_84        
 1999	1	3	       0	0.01	#_85        
 2000	1	3	       0	0.01	#_86        
 2001	1	3	       0	0.01	#_87        
 2002	1	3	       0	0.01	#_88        
 2003	1	3	       0	0.01	#_89        
 2004	1	3	       0	0.01	#_90        
 2005	1	3	       0	0.01	#_91        
 2006	1	3	       0	0.01	#_92        
 2007	1	3	       0	0.01	#_93        
 2008	1	3	       0	0.01	#_94        
 2009	1	3	       0	0.01	#_95        
 2010	1	3	       0	0.01	#_96        
 -999	1	4	       0	0.01	#_97        
 1980	1	4	       0	0.01	#_98        
 1981	1	4	       0	0.01	#_99        
 1982	1	4	       0	0.01	#_100       
 1983	1	4	       0	0.01	#_101       
 1984	1	4	       0	0.01	#_102       
 1985	1	4	       0	0.01	#_103       
 1986	1	4	       0	0.01	#_104       
 1987	1	4	       0	0.01	#_105       
 1988	1	4	       0	0.01	#_106       
 1989	1	4	       0	0.01	#_107       
 1990	1	4	       0	0.01	#_108       
 1991	1	4	       0	0.01	#_109       
 1992	1	4	       0	0.01	#_110       
 1993	1	4	       0	0.01	#_111       
 1994	1	4	       0	0.01	#_112       
 1995	1	4	       0	0.01	#_113       
 1996	1	4	       0	0.01	#_114       
 1997	1	4	       0	0.01	#_115       
 1998	1	4	       0	0.01	#_116       
 1999	1	4	       0	0.01	#_117       
 2000	1	4	       0	0.01	#_118       
 2001	1	4	       0	0.01	#_119       
 2002	1	4	       0	0.01	#_120       
 2003	1	4	       0	0.01	#_121       
 2004	1	4	       0	0.01	#_122       
 2005	1	4	       0	0.01	#_123       
 2006	1	4	       0	0.01	#_124       
 2007	1	4	       0	0.01	#_125       
 2008	1	4	       0	0.01	#_126       
 2009	1	4	       0	0.01	#_127       
 2010	1	4	       0	0.01	#_128       
 -999	1	5	       0	0.01	#_129       
 1980	1	5	       0	0.01	#_130       
 1981	1	5	       0	0.01	#_131       
 1982	1	5	       0	0.01	#_132       
 1983	1	5	       0	0.01	#_133       
 1984	1	5	       0	0.01	#_134       
 1985	1	5	       0	0.01	#_135       
 1986	1	5	       0	0.01	#_136       
 1987	1	5	       0	0.01	#_137       
 1988	1	5	       0	0.01	#_138       
 1989	1	5	       0	0.01	#_139       
 1990	1	5	       0	0.01	#_140       
 1991	1	5	       0	0.01	#_141       
 1992	1	5	       0	0.01	#_142       
 1993	1	5	       0	0.01	#_143       
 1994	1	5	       0	0.01	#_144       
 1995	1	5	       0	0.01	#_145       
 1996	1	5	       0	0.01	#_146       
 1997	1	5	       0	0.01	#_147       
 1998	1	5	       0	0.01	#_148       
 1999	1	5	       0	0.01	#_149       
 2000	1	5	       0	0.01	#_150       
 2001	1	5	       0	0.01	#_151       
 2002	1	5	       0	0.01	#_152       
 2003	1	5	       0	0.01	#_153       
 2004	1	5	       0	0.01	#_154       
 2005	1	5	       0	0.01	#_155       
 2006	1	5	       0	0.01	#_156       
 2007	1	5	       0	0.01	#_157       
 2008	1	5	       0	0.01	#_158       
 2009	1	5	       0	0.01	#_159       
 2010	1	5	       0	0.01	#_160       
 -999	1	6	       0	0.01	#_161       
 1980	1	6	       0	0.01	#_162       
 1981	1	6	       0	0.01	#_163       
 1982	1	6	       0	0.01	#_164       
 1983	1	6	       0	0.01	#_165       
 1984	1	6	       0	0.01	#_166       
 1985	1	6	       0	0.01	#_167       
 1986	1	6	       0	0.01	#_168       
 1987	1	6	       0	0.01	#_169       
 1988	1	6	       0	0.01	#_170       
 1989	1	6	       0	0.01	#_171       
 1990	1	6	       0	0.01	#_172       
 1991	1	6	       0	0.01	#_173       
 1992	1	6	       0	0.01	#_174       
 1993	1	6	       0	0.01	#_175       
 1994	1	6	       0	0.01	#_176       
 1995	1	6	       0	0.01	#_177       
 1996	1	6	       0	0.01	#_178       
 1997	1	6	       0	0.01	#_179       
 1998	1	6	       0	0.01	#_180       
 1999	1	6	       0	0.01	#_181       
 2000	1	6	       0	0.01	#_182       
 2001	1	6	       0	0.01	#_183       
 2002	1	6	       0	0.01	#_184       
 2003	1	6	       0	0.01	#_185       
 2004	1	6	       0	0.01	#_186       
 2005	1	6	       0	0.01	#_187       
 2006	1	6	       0	0.01	#_188       
 2007	1	6	       0	0.01	#_189       
 2008	1	6	       0	0.01	#_190       
 2009	1	6	       0	0.01	#_191       
 2010	1	6	       0	0.01	#_192       
 -999	1	7	       0	0.01	#_193       
 1980	1	7	       0	0.01	#_194       
 1981	1	7	       0	0.01	#_195       
 1982	1	7	       0	0.01	#_196       
 1983	1	7	       0	0.01	#_197       
 1984	1	7	       0	0.01	#_198       
 1985	1	7	       0	0.01	#_199       
 1986	1	7	       0	0.01	#_200       
 1987	1	7	       0	0.01	#_201       
 1988	1	7	       0	0.01	#_202       
 1989	1	7	       0	0.01	#_203       
 1990	1	7	       0	0.01	#_204       
 1991	1	7	       0	0.01	#_205       
 1992	1	7	       0	0.01	#_206       
 1993	1	7	       0	0.01	#_207       
 1994	1	7	       0	0.01	#_208       
 1995	1	7	       0	0.01	#_209       
 1996	1	7	       0	0.01	#_210       
 1997	1	7	       0	0.01	#_211       
 1998	1	7	       0	0.01	#_212       
 1999	1	7	       0	0.01	#_213       
 2000	1	7	       0	0.01	#_214       
 2001	1	7	       0	0.01	#_215       
 2002	1	7	       0	0.01	#_216       
 2003	1	7	       0	0.01	#_217       
 2004	1	7	       0	0.01	#_218       
 2005	1	7	       0	0.01	#_219       
 2006	1	7	       0	0.01	#_220       
 2007	1	7	       0	0.01	#_221       
 2008	1	7	       0	0.01	#_222       
 2009	1	7	       0	0.01	#_223       
 2010	1	7	       0	0.01	#_224       
 -999	1	8	       0	0.01	#_225       
 1980	1	8	0.111373	0.05	#_226       
 1981	1	8	 32.8097	0.05	#_227       
 1982	1	8	 46.2367	0.05	#_228       
 1983	1	8	 17.3039	0.05	#_229       
 1984	1	8	 16.1018	0.05	#_230       
 1985	1	8	 51.8787	0.05	#_231       
 1986	1	8	 62.1788	0.05	#_232       
 1987	1	8	  8.4589	0.05	#_233       
 1988	1	8	 48.4568	0.05	#_234       
 1989	1	8	 24.1549	0.05	#_235       
 1990	1	8	  25.332	0.05	#_236       
 1991	1	8	 25.1156	0.05	#_237       
 1992	1	8	 25.3074	0.05	#_238       
 1993	1	8	 24.8377	0.05	#_239       
 1994	1	8	  11.164	0.05	#_240       
 1995	1	8	 19.6176	0.05	#_241       
 1996	1	8	 18.4048	0.05	#_242       
 1997	1	8	 4.56927	0.05	#_243       
 1998	1	8	 0.84044	0.05	#_244       
 1999	1	8	 11.1645	0.05	#_245       
 2000	1	8	  10.036	0.05	#_246       
 2001	1	8	   9.316	0.05	#_247       
 2002	1	8	 14.5442	0.05	#_248       
 2003	1	8	  11.432	0.05	#_249       
 2004	1	8	  2.5385	0.05	#_250       
 2005	1	8	 4.32203	0.05	#_251       
 2006	1	8	 3.50279	0.05	#_252       
 2007	1	8	 5.55341	0.05	#_253       
 2008	1	8	 2.75973	0.05	#_254       
 2009	1	8	 4.17058	0.05	#_255       
 2010	1	8	 2.13495	0.05	#_256       
-9999	0	0	       0	   0	#_terminator
#_CPUE_and_surveyabundance_observations
#_Units:  0=numbers; 1=biomass; 2=F; >=30 for special types
#_Errtype:  -1=normal; 0=lognormal; >0=T
#_SD_Report: 0=no sdreport; 1=enable sdreport
#_Fleet	Units	Errtype	SD_Report
 1	1	0	0	#_TRAWL            
 2	1	0	0	#_Trawl_Discard    
 3	1	0	0	#_MIDWATER         
 4	1	0	0	#_A-SHOP           
 5	1	0	0	#_HKL              
 6	1	0	0	#_Hkl_Discard      
 7	1	0	0	#_OTHERS           
 8	1	0	0	#_RECREATIONAL     
 9	1	0	0	#_AFSC_triennial   
10	1	0	0	#_AFSC_slope       
11	1	0	0	#_NWFSC_shelf_slope
12	1	0	0	#_NWFSC_slope      
13	0	0	0	#_IPHC             
#
#_CPUE_data
#_year	seas	index	obs	se_log
 1980	7	 9	  18273.5	 0.151894	#_1         
 1983	7	 9	  47555.4	 0.118064	#_2         
 1986	7	 9	  19401.2	0.0791693	#_3         
 1989	7	 9	  47852.1	0.0929376	#_4         
 1992	7	 9	  43344.3	 0.122436	#_5         
 1995	7	 9	  17029.6	 0.113045	#_6         
 1998	7	 9	    36857	0.0884319	#_7         
 2001	7	 9	  19207.1	 0.130304	#_8         
 2004	7	 9	  19591.5	 0.130246	#_9         
 1997	7	10	   170735	 0.208844	#_10        
 1999	7	10	    95279	 0.225988	#_11        
 2000	7	10	   151996	 0.305577	#_12        
 2001	7	10	  25888.8	 0.274456	#_13        
 2003	7	11	   381759	 0.160463	#_14        
 2004	7	11	   159889	 0.108161	#_15        
 2005	7	11	  69961.2	 0.085744	#_16        
 2006	7	11	    52321	0.0986847	#_17        
 2007	7	11	  45088.5	 0.106461	#_18        
 2008	7	11	  38536.2	0.0895469	#_19        
 2009	7	11	  12661.3	0.0960376	#_20        
 2010	7	11	  36687.7	0.0974445	#_21        
 1998	7	12	    18304	 0.294833	#_22        
 1999	7	12	  30482.3	 0.373825	#_23        
 2000	7	12	  4836.28	 0.263906	#_24        
 2001	7	12	  1338.67	 0.289792	#_25        
 2002	7	12	  3104.27	 0.224642	#_26        
 1999	7	13	0.0466089	0.0404267	#_27        
 2001	7	13	0.0315406	  0.06015	#_28        
 2002	7	13	0.0304644	0.0638011	#_29        
 2003	7	13	0.0338292	0.0585752	#_30        
 2004	7	13	0.0219166	0.0694216	#_31        
 2005	7	13	0.0411536	0.0451848	#_32        
 2006	7	13	0.0276063	0.0608805	#_33        
 2007	7	13	0.0591668	0.0451782	#_34        
 2008	7	13	0.0403427	0.0528482	#_35        
 2009	7	13	0.0350126	0.0484689	#_36        
 2010	7	13	0.0310872	0.0479552	#_37        
-9999	0	 0	        0	        0	#_terminator
0 #_N_discard_fleets
#_discard_units (1=same_as_catchunits(bio/num); 2=fraction; 3=numbers)
#_discard_errtype:  >0 for DF of T-dist(read CV below); 0 for normal with CV; -1 for normal with se; -2 for lognormal
#
#_discard_fleet_info
#
#_discard_data
#
#_meanbodywt
1 #_use_meanbodywt
30 #_DF_for_meanbodywt_T-distribution_like
#_Year	Seas	Fleet	Partition	Type	Value	Std_in
 2002	7	2	0	2	1.17	0.5	#_1         
 2003	7	2	0	2	1.19	0.5	#_2         
 2004	7	2	0	2	1.11	0.5	#_3         
 2005	7	2	0	2	1.17	0.5	#_4         
 2002	7	6	0	2	1.36	0.5	#_5         
 2003	7	6	0	2	1.14	0.5	#_6         
 2004	7	6	0	2	1.55	0.5	#_7         
 2005	7	6	0	2	2.06	0.5	#_8         
-9999	0	0	0	0	   0	  0	#_terminator
#
#_population_length_bins
2 # length bin method: 1=use databins; 2=generate from binwidth,min,max below; 3=read vector
2 # binwidth for population size comp
10 # minimum size in the population (lower edge of first bin and size at age 0.00)
136 # maximum size in the population (lower edge of last bin)
1 #_use_lencomp
#
#_len_info
#_mintailcomp	addtocomp	combine_M_F	CompressBins	CompError	ParmSelect	minsamplesize
-1	1e-05	0	0	0	0	1	#_TRAWL            
-1	1e-05	0	0	0	0	1	#_Trawl_Discard    
-1	1e-05	0	0	0	0	1	#_MIDWATER         
-1	1e-05	0	0	0	0	1	#_A-SHOP           
-1	1e-05	0	0	0	0	1	#_HKL              
-1	1e-05	0	0	0	0	1	#_Hkl_Discard      
-1	1e-05	0	0	0	0	1	#_OTHERS           
-1	1e-05	0	0	0	0	1	#_RECREATIONAL     
-1	1e-05	0	0	0	0	1	#_AFSC_triennial   
-1	1e-05	0	0	0	0	1	#_AFSC_slope       
-1	1e-05	0	0	0	0	1	#_NWFSC_shelf_slope
-1	1e-05	0	0	0	0	1	#_NWFSC_slope      
-1	1e-05	0	0	0	0	1	#_IPHC             
31 #_N_lbins
#_lbin_vector
12 16 20 24 28 32 36 40 44 48 52 56 60 64 68 72 76 80 84 88 92 96 100 104 108 112 116 120 124 128 132 #_lbin_vector
#
#_lencomp
#_Yr	Seas	FltSvy	Gender	Part	Nsamp	f12	f16	f20	f24	f28	f32	f36	f40	f44	f48	f52	f56	f60	f64	f68	f72	f76	f80	f84	f88	f92	f96	f100	f104	f108	f112	f116	f120	f124	f128	f132	m12	m16	m20	m24	m28	m32	m36	m40	m44	m48	m52	m56	m60	m64	m68	m72	m76	m80	m84	m88	m92	m96	m100	m104	m108	m112	m116	m120	m124	m128	m132
 2003	7	 1	3	0	    4	0	0	0	 0	  0	  0	  0	  0	  0	   0	  0	   0	   0	   0	  0	  0	  0	  0	  0	  0	  3	  9	  6	  2	 5	 0	0	0	0	0	0	0	0	0	 0	  0	  0	  0	  0	  0	  0	   0	   0	   0	   0	   0	  0	   0	  0	  0	 0	 0	 0	 0	0	0	0	0	0	0	0	0	#_1         
 2006	7	 1	3	0	   38	0	0	0	 0	  0	  0	  0	  0	  0	   1	  0	   0	   0	   1	  1	  2	  3	  0	  5	  2	  2	  4	 10	  4	 0	 0	0	0	0	0	0	0	0	0	 0	  0	  0	  0	  0	  0	  0	   0	   1	   0	   1	   3	 12	  75	 64	 46	13	 0	 0	 0	0	0	0	0	0	0	0	0	#_2         
 2007	7	 1	3	0	   63	0	0	0	 0	  0	  0	  0	  0	  0	   1	  1	   0	   0	   0	  3	  3	  5	  2	 16	 17	 24	 48	 42	 33	28	10	2	1	0	0	0	0	0	0	 0	  0	  0	  0	  0	  0	  0	   0	   0	   0	   0	  11	 21	  54	 47	 41	12	 0	 0	 0	0	0	0	0	0	0	0	0	#_3         
 2009	7	 1	3	0	   28	0	0	0	 0	  0	  0	  0	  0	  0	   1	  1	   3	   7	   6	  6	  7	  4	  2	  0	  1	  1	  0	  1	  2	 4	 5	6	1	0	1	1	0	0	0	 0	  0	  0	  0	  0	  0	  1	   2	   5	   9	  12	   8	  9	   3	 12	 11	10	 3	 2	 2	0	0	1	1	0	0	0	0	#_4         
 2004	7	 2	3	0	   40	0	0	0	 0	  0	  0	  0	  1	  1	   4	  2	  13	   8	  16	 11	  9	 12	  3	  6	  5	  3	  2	  3	  1	 2	 2	1	0	0	1	0	0	0	0	 0	  0	  0	  0	  1	  1	  6	   8	   8	   9	  21	  13	 20	   9	  5	  0	 1	 0	 0	 0	0	0	0	0	0	0	0	0	#_5         
 2006	7	 2	3	0	  909	0	2	3	13	 22	 13	 28	 37	 60	  82	 86	  78	  75	  75	 55	 45	 21	 21	 24	 15	 12	  8	 10	  7	 1	 1	0	0	0	1	0	0	0	3	 3	 14	 10	 18	 26	 46	 40	  46	  68	  67	  85	  97	 99	  80	 53	 38	22	 4	 4	 1	0	0	0	0	0	0	0	0	#_6         
 2007	7	 2	3	0	  678	3	3	2	 8	  5	  5	 10	 22	 31	  48	 56	  58	  54	  56	 25	 27	 14	 13	 13	  8	  7	 10	 10	  6	 6	 1	1	1	0	0	0	2	4	5	 4	  4	  4	  8	 17	 25	 40	  58	  56	  73	  80	  88	 80	  66	 45	 26	10	 3	 1	 0	0	0	0	0	0	0	0	0	#_7         
 2008	7	 2	3	0	  314	0	0	0	 2	  6	  1	  4	  9	  5	  12	 16	  23	  31	  37	 25	  2	  6	  8	  5	 14	 13	 13	  5	 11	 5	 4	0	0	0	0	0	0	0	0	 2	  4	  5	  6	  1	  6	  7	  12	  19	  33	  37	  45	 34	  42	 29	 16	12	 0	 2	 1	0	0	0	1	0	0	0	0	#_8         
 2009	7	 2	3	0	 1282	0	0	0	 7	 12	 12	 14	 35	 38	  62	 77	 103	  94	 100	 92	 45	 30	 27	 26	 40	 28	 48	 62	 39	30	 8	1	1	0	0	0	0	0	0	 5	  4	  2	 12	 20	 16	 46	  80	  91	 102	 115	 125	164	 160	177	 89	40	 8	 6	 2	2	0	0	0	0	0	0	0	#_9         
 2005	7	 3	3	0	   21	0	0	0	 0	  0	  0	  0	  8	 16	  16	  8	  19	  11	  10	  3	  2	  0	  0	  0	  0	  0	  0	  0	  0	 0	 0	0	0	0	0	0	0	0	0	 0	  0	  0	  1	  3	 17	 12	   8	  17	  21	  10	  11	  4	   1	  1	  0	 1	 0	 0	 0	0	0	0	0	0	0	0	0	#_10        
 2006	7	 3	3	0	   56	0	0	0	 0	  8	 13	 50	 52	 41	  19	 10	   2	   4	   5	  8	  2	  1	  3	  0	  0	  0	  1	  0	  0	 0	 0	0	0	0	0	0	0	0	0	 0	  6	 17	 40	 43	 55	 22	   7	   9	  14	   8	  16	  7	  14	  9	  6	 0	 0	 0	 0	0	0	0	0	0	0	0	0	#_11        
 2007	7	 3	3	0	  106	0	0	0	 0	  0	  0	  5	 18	 41	  51	 31	  52	  44	  75	 53	 17	 13	  1	  1	  2	  0	  2	  1	  1	 0	 0	0	0	0	0	0	0	0	0	 0	  0	  1	  2	  9	 26	 45	  52	  48	  56	  84	  64	 38	  75	 34	 32	 2	 0	 0	 0	0	0	0	0	0	0	0	0	#_12        
 2008	7	 3	3	0	   21	0	0	0	 0	  0	  0	  0	  0	  1	   0	  1	   2	   8	  16	 15	  5	  4	  0	  1	  0	  0	  0	  0	  0	 0	 0	0	0	0	0	0	0	0	0	 0	  0	  0	  0	  0	  1	  3	   4	   8	   9	  21	  17	 10	  14	  8	  2	 0	 0	 0	 0	0	0	0	0	0	0	0	0	#_13        
 2009	7	 3	3	0	   28	0	0	0	 0	  0	  1	  7	 12	  9	   3	  3	  14	  11	   5	  2	  0	  1	  0	  1	  1	  8	  7	 12	  6	 1	 0	1	0	0	0	0	0	1	0	 0	  1	  1	  4	  9	 10	  6	   5	   8	   9	  10	   6	  4	   1	  1	  0	 0	 0	 0	 0	0	0	0	0	0	0	0	0	#_14        
 2010	7	 3	3	0	   78	0	0	0	 0	  0	  0	  0	  1	  6	  25	 39	  58	  38	  40	 12	  6	  0	  0	  0	  1	  3	  2	  3	  0	 4	 1	0	0	0	0	0	0	0	0	 0	  0	  0	  0	  0	  2	 17	  34	  62	  40	  42	  31	 21	  32	 19	 17	23	 7	 2	 0	0	0	0	0	0	0	0	0	#_15        
 2007	7	 4	3	0	 2883	0	0	0	 0	  0	  4	 16	 41	134	 206	148	 221	 172	 160	 94	 26	 20	 16	 16	 17	 30	 43	 66	 39	34	13	8	3	3	1	1	0	2	0	 2	  3	  5	 21	 52	124	145	 227	 228	 174	 227	 151	 96	 101	 65	 45	29	18	 9	 4	2	1	1	0	1	0	0	0	#_16        
 2008	7	 4	3	0	15657	0	0	1	 3	 11	 14	 20	 56	562	1350	959	1149	1102	1221	573	248	177	 97	 94	128	118	142	163	108	90	23	8	1	1	0	0	3	4	3	 3	 10	 19	 14	 56	506	970	1350	1264	1203	1523	1280	944	1237	698	389	81	 7	 5	 3	1	2	1	0	0	0	0	0	#_17        
 2009	7	 4	3	0	 4236	0	0	0	 0	  0	  2	  6	 23	124	 216	113	 119	 114	 176	173	111	109	 47	 42	 45	 35	 63	 42	 25	18	 4	1	0	0	0	0	0	1	1	 0	  0	  1	  3	 23	106	161	 232	 126	 120	 237	 419	486	 706	407	218	40	 3	 1	 0	0	1	0	0	0	0	0	0	#_18        
 2010	7	 4	3	0	 8384	0	3	0	 1	  1	 10	 30	 99	336	 533	555	 765	 484	 376	198	 71	 44	 15	 18	 24	 34	 58	 64	 32	26	 9	4	1	0	0	0	1	0	0	 0	  3	 12	 43	 88	331	402	 736	 816	 581	 633	 501	470	 756	437	240	49	 6	 2	 1	0	0	0	0	0	0	0	0	#_19        
 2003	7	 5	3	0	   18	0	0	0	 0	  0	  0	  0	  0	  0	   0	  0	   0	   2	   1	  1	  1	  1	  3	  5	  4	 13	 11	 11	  2	 9	 2	1	1	0	0	0	0	0	0	 0	  0	  0	  0	  0	  0	  0	   0	   1	   0	   1	   6	  2	   7	  8	  4	 1	 0	 2	 0	0	0	0	0	0	0	0	0	#_20        
 2004	7	 5	3	0	   14	0	0	0	 0	  0	  0	  0	  0	  0	   0	  0	   0	   0	   0	  0	  2	  1	  0	  3	  8	  7	 13	 20	 16	 9	 1	0	0	0	0	1	0	0	0	 0	  0	  0	  0	  0	  0	  0	   0	   0	   0	   0	   0	  2	   4	  1	  4	 1	 0	 0	 0	0	0	0	0	0	0	0	0	#_21        
 2006	7	 5	3	0	   71	0	0	0	 0	  0	  0	  0	  0	  0	   0	  0	   0	   0	   0	  1	  6	 35	 34	 58	 58	 50	111	 95	 64	44	13	5	1	0	0	0	0	0	0	 0	  0	  0	  0	  0	  0	  0	   0	   0	   0	   0	   3	 15	  43	 45	 31	 8	 1	 0	 0	0	0	0	0	0	0	0	0	#_22        
 2007	7	 5	3	0	   56	0	0	0	 0	  0	  0	  0	  0	  0	   0	  0	   0	   0	   0	  1	  3	 10	 11	 27	 64	 56	122	133	 70	48	16	6	1	0	0	0	0	0	0	 0	  0	  0	  0	  0	  0	  0	   0	   0	   0	   0	   3	 11	  31	 24	 14	 8	 0	 0	 0	0	0	0	0	0	0	0	0	#_23        
 2008	7	 5	3	0	  106	0	0	0	 0	  0	  0	  0	  0	  0	   1	  0	   3	   5	  19	 21	 12	 22	  7	 27	 38	 42	 75	 63	 46	29	 6	1	2	0	0	0	0	0	0	 0	  0	  0	  0	  0	  0	  0	   1	   2	   7	  28	  44	 56	 105	 65	 38	19	 1	 0	 0	0	0	0	0	0	0	0	0	#_24        
 2009	7	 5	3	0	   35	0	0	0	 0	  0	  0	  0	  0	  0	   1	  0	   3	   6	   8	  7	  8	  8	  4	 11	 12	 11	  1	  4	  0	 0	 0	0	0	0	0	0	0	0	0	 0	  0	  0	  0	  0	  0	  0	   0	   1	   6	  26	  13	 32	  35	 27	 21	 5	 0	 0	 0	0	0	0	0	0	0	0	0	#_25        
 2003	7	 6	0	0	   35	0	0	0	 6	  5	 68	368	290	855	 514	314	 517	 205	 212	 73	116	143	  7	 20	  3	 15	  4	 15	  7	 7	 9	1	1	0	0	0	0	0	0	 6	  5	 68	368	290	855	514	 314	 517	 205	 212	  73	116	 143	  7	 20	 3	15	 4	15	7	7	9	1	1	0	0	0	#_26        
 2004	7	 6	0	0	   21	0	0	0	 0	  0	  1	 11	 31	134	 194	 61	 245	  84	 195	 63	 86	 95	 15	 58	 17	 13	  1	  4	  1	 0	 3	1	0	0	0	0	0	0	0	 0	  0	  1	 11	 31	134	194	  61	 245	  84	 195	  63	 86	  95	 15	 58	17	13	 1	 4	1	0	3	1	0	0	0	0	#_27        
 2006	7	 6	3	0	  572	0	0	0	 0	  0	  0	  1	  1	  8	  19	 27	  43	  67	  61	 57	 41	 36	 16	 24	 11	 15	 11	  6	  3	 2	 1	0	0	0	0	0	0	0	0	 0	  0	  1	  0	  1	  5	 21	  25	  37	  42	  75	  80	 74	  52	 49	 33	 7	 3	 0	 1	0	0	0	0	0	0	0	0	#_28        
 2007	7	 6	3	0	  629	0	0	0	 0	  0	  0	  0	  6	  4	  16	 27	  75	  74	  50	 37	 34	 33	 38	 19	 27	 27	 12	 14	  6	 4	 3	0	0	0	0	0	0	0	0	 0	  0	  0	  0	  2	  4	 15	  33	  71	  89	 115	 102	108	  68	 48	 16	 5	 2	 1	 0	0	0	0	0	0	0	0	0	#_29        
 2008	7	 6	3	0	   29	0	0	0	 0	  0	  0	  0	  0	  0	   1	  0	   5	   4	   2	  4	  2	  1	  0	  2	  2	  0	  4	  2	  0	 0	 1	0	0	0	0	0	0	0	0	 0	  0	  0	  0	  0	  0	  1	   1	   6	   7	   3	   2	  0	   0	  0	  0	 1	 0	 0	 0	0	0	0	0	0	0	0	0	#_30        
 2009	7	 6	3	0	   44	0	0	0	 0	  0	  0	  0	  0	  0	   1	  0	   4	   3	   5	  1	  1	  2	  0	  0	  0	  4	  3	  1	  3	 3	 4	5	3	0	0	0	0	0	0	 0	  0	  0	  0	  0	  0	  0	   0	   1	   4	   2	   4	  4	  12	  3	  3	 0	 1	 0	 0	0	0	0	0	0	0	0	0	#_31        
 1993	7	 8	0	0	   15	0	0	0	 0	  0	  0	  0	  0	  0	   0	  0	   0	   1	   0	  1	  0	  3	  2	  2	  1	  1	  2	  0	  2	 0	 0	0	0	0	0	0	0	0	0	 0	  0	  0	  0	  0	  0	  0	   0	   0	   1	   0	   1	  0	   3	  2	  2	 1	 1	 2	 0	2	0	0	0	0	0	0	0	#_32        
 1994	7	 8	0	0	   14	0	0	0	 0	  0	  0	  0	  0	  0	   1	  0	   0	   0	   0	  0	  0	  2	  5	  2	  0	  2	  2	  0	  0	 0	 0	0	0	0	0	0	0	0	0	 0	  0	  0	  0	  0	  0	  1	   0	   0	   0	   0	   0	  0	   2	  5	  2	 0	 2	 2	 0	0	0	0	0	0	0	0	0	#_33        
 1995	7	 8	0	0	   16	0	0	0	 0	  0	  0	  0	  0	  0	   0	  0	   0	   0	   1	  2	  2	  2	  1	  2	  5	  1	  0	  0	  0	 0	 0	0	0	0	0	0	0	0	0	 0	  0	  0	  0	  0	  0	  0	   0	   0	   0	   1	   2	  2	   2	  1	  2	 5	 1	 0	 0	0	0	0	0	0	0	0	0	#_34        
 1996	7	 8	0	0	   18	0	0	0	 0	  0	  0	  0	  0	  0	   0	  0	   0	   0	   0	  0	  0	  2	  3	  1	  2	  3	  3	  1	  1	 2	 0	0	0	0	0	0	0	0	0	 0	  0	  0	  0	  0	  0	  0	   0	   0	   0	   0	   0	  0	   2	  3	  1	 2	 3	 3	 1	1	2	0	0	0	0	0	0	#_35        
 1997	7	 8	0	0	    6	0	0	0	 0	  0	  0	  0	  0	  0	   0	  0	   0	   0	   0	  0	  0	  1	  0	  2	  1	  1	  0	  0	  0	 1	 0	0	0	0	0	0	0	0	0	 0	  0	  0	  0	  0	  0	  0	   0	   0	   0	   0	   0	  0	   1	  0	  2	 1	 1	 0	 0	0	1	0	0	0	0	0	0	#_36        
 1999	7	 8	0	0	   27	0	0	0	 0	  0	  0	  0	  0	  0	   0	  0	   1	   4	   2	  1	  0	  3	  4	  3	  3	  0	  2	  0	  1	 2	 0	0	0	1	0	0	0	0	0	 0	  0	  0	  0	  0	  0	  0	   0	   1	   4	   2	   1	  0	   3	  4	  3	 3	 0	 2	 0	1	2	0	0	0	1	0	0	#_37        
 2000	7	 8	0	0	   12	0	0	0	 0	  0	  0	  0	  0	  0	   0	  0	   0	   3	   1	  1	  2	  1	  0	  0	  0	  2	  1	  1	  0	 0	 0	0	0	0	0	0	0	0	0	 0	  0	  0	  0	  0	  0	  0	   0	   0	   3	   1	   1	  2	   1	  0	  0	 0	 2	 1	 1	0	0	0	0	0	0	0	0	#_38        
 2001	7	 8	0	0	    6	0	0	0	 0	  0	  0	  0	  0	  0	   0	  0	   0	   0	   0	  0	  0	  0	  0	  2	  0	  0	  2	  1	  0	 1	 0	0	0	0	0	0	0	0	0	 0	  0	  0	  0	  0	  0	  0	   0	   0	   0	   0	   0	  0	   0	  0	  2	 0	 0	 2	 1	0	1	0	0	0	0	0	0	#_39        
 2002	7	 8	0	0	    9	0	0	0	 0	  0	  0	  0	  0	  0	   0	  0	   0	   0	   0	  0	  0	  1	  0	  0	  2	  2	  1	  1	  1	 1	 0	0	0	0	0	0	0	0	0	 0	  0	  0	  0	  0	  0	  0	   0	   0	   0	   0	   0	  0	   1	  0	  0	 2	 2	 1	 1	1	1	0	0	0	0	0	0	#_40        
 2003	7	 8	0	0	   13	0	0	0	 0	  0	  0	  0	  0	  0	   0	  0	   0	   0	   0	  0	  0	  0	  1	  1	  0	  4	  0	  3	  2	 2	 0	0	0	0	0	0	0	0	0	 0	  0	  0	  0	  0	  0	  0	   0	   0	   0	   0	   0	  0	   0	  1	  1	 0	 4	 0	 3	2	2	0	0	0	0	0	0	#_41        
 2004	7	 8	0	0	   17	0	0	0	 0	  0	  0	  0	  0	  0	   0	  0	   0	   1	   1	  0	  3	  2	  2	  1	  0	  0	  2	  1	  2	 1	 1	0	0	0	0	0	0	0	0	 0	  0	  0	  0	  0	  0	  0	   0	   0	   1	   1	   0	  3	   2	  2	  1	 0	 0	 2	 1	2	1	1	0	0	0	0	0	#_42        
 2005	7	 8	0	0	   27	0	0	0	 0	  0	  0	  0	  0	  0	   0	  1	   1	   1	   1	  0	  4	  0	  2	  3	  2	  2	  3	  1	  2	 2	 0	1	1	0	0	0	0	0	0	 0	  0	  0	  0	  0	  0	  0	   1	   1	   1	   1	   0	  4	   0	  2	  3	 2	 2	 3	 1	2	2	0	1	1	0	0	0	#_43        
 2006	7	 8	0	0	   66	0	0	0	 0	  0	  0	  0	  0	  1	   2	  3	   4	   3	   2	  3	  3	  7	  9	  4	  5	  1	  4	  6	  3	 2	 3	0	0	0	0	0	0	0	0	 0	  0	  0	  0	  0	  1	  2	   3	   4	   3	   2	   3	  3	   7	  9	  4	 5	 1	 4	 6	3	2	3	0	0	0	0	0	#_44        
 2007	7	 8	0	0	   46	0	0	0	 0	  0	  0	  1	  0	  1	   1	  1	   1	   0	   2	  2	  1	  1	  1	  2	  5	  2	 11	  6	  3	 2	 2	0	0	1	0	0	0	0	0	 0	  0	  0	  1	  0	  1	  1	   1	   1	   0	   2	   2	  1	   1	  1	  2	 5	 2	11	 6	3	2	2	0	0	1	0	0	#_45        
 2008	7	 8	0	0	   31	0	0	0	 1	  0	  0	  1	  0	  0	   0	  1	   1	   1	   0	  1	  0	  2	  4	  3	  0	  3	  2	  5	  4	 1	 0	0	0	1	0	0	0	0	0	 0	  1	  0	  1	  0	  0	  0	   1	   1	   1	   0	   1	  0	   2	  4	  3	 0	 3	 2	 5	4	1	0	0	0	1	0	0	#_46        
 2009	7	 8	0	0	   32	0	0	0	 0	  0	  0	  0	  0	  0	   0	  0	   0	   0	   0	  0	  0	  1	  0	  3	  2	  1	  2	 10	  7	 4	 0	0	2	0	0	0	0	0	0	 0	  0	  0	  0	  0	  0	  0	   0	   0	   0	   0	   0	  0	   1	  0	  3	 2	 1	 2	10	7	4	0	0	2	0	0	0	#_47        
 2010	7	 8	0	0	   13	0	0	0	 0	  0	  0	  0	  0	  0	   0	  0	   0	   0	   0	  0	  0	  4	  0	  0	  0	  1	  2	  0	  3	 3	 0	0	0	0	0	0	0	0	0	 0	  0	  0	  0	  0	  0	  0	   0	   0	   0	   0	   0	  0	   4	  0	  0	 0	 1	 2	 0	3	3	0	0	0	0	0	0	#_48        
 1998	7	 9	0	0	   88	0	0	1	16	 93	 78	 52	 78	136	 179	191	 110	  29	  17	  3	  1	  4	  1	  0	  0	  1	  0	  0	  0	 0	 0	0	0	0	0	0	0	0	1	16	 93	 78	 52	 78	136	179	 191	 110	  29	  17	   3	  1	   4	  1	  0	 0	 1	 0	 0	0	0	0	0	0	0	0	0	#_49        
 2001	7	 9	3	0	  261	0	0	3	22	 75	 74	 46	 37	 48	  76	108	 140	  75	  32	 23	 10	  4	  2	  1	  3	  2	  1	  5	  4	 3	 1	0	0	0	0	0	0	0	2	14	 53	 67	 38	 26	 37	 64	  88	 101	 109	  53	  34	 44	  43	 30	 21	 4	 3	 0	 0	0	0	0	0	0	0	0	0	#_50        
 2004	7	 9	3	0	  296	0	0	2	12	 54	 45	 67	103	 70	 104	 96	 116	 170	 129	 45	 16	  3	  0	  0	  0	  1	  1	  1	  0	 2	 0	0	0	0	0	0	0	0	1	15	 52	 64	 70	115	 75	113	  95	 115	 164	 166	 103	 69	  67	 50	 26	11	 2	 0	 0	0	0	0	0	0	0	0	0	#_51        
 1997	7	10	0	0	  275	0	0	5	 9	 67	115	 31	 67	239	 320	351	 353	 309	 151	100	164	253	277	142	 35	  6	  7	  5	  2	 0	 1	0	0	0	0	0	0	0	5	 9	 67	115	 31	 67	239	320	 351	 353	 309	 151	 100	164	 253	277	142	35	 6	 7	 5	2	0	1	0	0	0	0	0	#_52        
 1999	7	10	3	0	  219	0	0	0	 1	  1	  3	 18	 45	 83	 125	170	 168	 118	  47	 19	  5	  3	  1	  3	  1	  2	  1	  0	  0	 1	 0	1	0	0	0	0	0	0	0	 0	  5	  4	 12	 38	 59	115	 161	 171	 106	  66	  54	 78	  64	 63	 44	15	 1	 0	 0	0	0	0	0	0	0	0	0	#_53        
 2000	7	10	3	0	  139	0	0	0	 1	 37	 45	  8	 24	 50	  63	 95	 123	  92	  49	 18	 16	  3	  3	  2	  1	  0	  0	  0	  0	 0	 0	0	0	0	0	0	0	0	0	 0	 22	 42	  6	 24	 63	 74	 116	 160	  99	  73	  28	 29	  34	 27	 20	 6	 1	 0	 0	0	0	0	0	0	0	0	0	#_54        
 2001	7	10	3	0	   84	0	0	2	 2	  2	  8	  5	 13	 19	  15	 37	  67	  63	  32	 20	  5	  0	  0	  1	  0	  0	  0	  0	  0	 0	 0	0	0	0	0	0	0	0	0	 0	  4	  5	  4	  6	  7	 15	  23	  51	  47	  48	  41	 43	  41	 25	 14	 5	 1	 0	 0	0	0	0	0	0	0	0	0	#_55        
 2003	7	11	3	0	  444	0	0	2	 5	 23	 71	 75	 88	108	 122	155	 231	 300	 239	 94	 40	 35	 10	  6	  6	  0	  4	  2	  1	 2	 0	0	0	0	0	0	0	0	0	 3	 19	 62	 74	 68	 83	115	 144	 239	 310	 279	 156	161	 187	151	 77	32	 5	 1	 0	0	0	0	0	0	0	0	0	#_56        
 2004	7	11	3	0	  334	0	0	1	 8	 66	 52	 80	 98	 89	 101	 87	 133	 178	 103	 39	 19	 12	  3	  5	  7	 12	  6	  4	  5	 4	 3	2	0	0	0	0	0	0	0	 7	 52	 42	 64	102	 75	 86	  76	 149	 186	 186	 119	 61	  50	 42	 43	18	 5	 0	 0	0	0	0	0	0	0	0	0	#_57        
 2005	7	11	3	0	  500	0	0	0	25	 77	 63	 59	111	175	 265	243	 228	 197	 122	 46	 33	 17	 16	  2	  7	  3	  4	  5	  1	 0	 0	1	0	0	0	0	0	0	1	26	 55	 79	 63	100	154	214	 221	 199	 209	 174	 134	104	  72	 30	 17	 4	 3	 0	 0	0	0	0	0	0	0	0	0	#_58        
 2006	7	11	3	0	  497	0	0	0	33	 75	 44	 70	 99	249	 397	358	 240	 168	  76	 26	 10	  6	  3	  3	  5	  2	  4	  8	  2	 1	 1	0	0	0	0	0	0	0	0	28	 89	 47	 50	 98	177	335	 375	 249	 162	 138	  72	 70	  61	 30	 14	 6	 0	 0	 0	0	0	0	0	0	0	0	0	#_59        
 2007	7	11	3	0	  398	0	0	2	81	104	 69	 86	 73	111	 163	139	 111	  78	  52	 23	 13	  3	  5	  1	  4	  4	  8	 10	  5	 5	 1	0	0	0	0	0	0	0	2	68	101	 85	 77	 61	108	140	 132	 126	  92	  87	  65	 70	  43	 34	 13	 5	 0	 1	 0	0	0	0	0	0	0	0	0	#_60        
 2008	7	11	3	0	  447	0	0	0	10	 70	 62	 56	 81	138	 186	236	 194	 132	  81	 33	 12	  5	  6	  2	  5	  2	  3	  5	  3	 5	 2	1	0	0	0	0	0	0	0	19	 88	 61	 47	 74	 95	171	 219	 200	 154	 128	  77	 57	  55	 36	 13	 0	 0	 0	 0	1	0	0	0	0	0	0	0	#_61        
 2009	7	11	3	0	  320	0	0	0	53	123	116	 74	 49	 41	  64	 61	  56	  39	  19	 16	  7	  3	  3	  4	  3	  6	 11	  7	 11	 2	 1	0	1	0	0	0	0	0	1	55	126	115	 81	 45	 43	 56	  73	  63	  44	  34	  25	 28	  41	 38	  8	 4	 2	 0	 0	0	0	0	0	0	0	0	0	#_62        
 2010	7	11	3	0	  347	0	0	1	13	 87	 74	 65	 60	 49	  78	 87	  78	  53	  30	 13	  7	  5	  9	 10	 13	 24	 27	 22	 32	 7	 4	0	0	0	0	0	0	0	0	10	 67	 69	 60	 53	 62	 73	 104	 109	  61	  35	  41	 52	  39	 20	 13	 5	 1	 0	 1	0	0	0	0	0	0	0	0	#_63        
-9999	0	 0	0	0	    0	0	0	0	 0	  0	  0	  0	  0	  0	   0	  0	   0	   0	   0	  0	  0	  0	  0	  0	  0	  0	  0	  0	  0	 0	 0	0	0	0	0	0	0	0	0	 0	  0	  0	  0	  0	  0	  0	   0	   0	   0	   0	   0	  0	   0	  0	  0	 0	 0	 0	 0	0	0	0	0	0	0	0	0	#_terminator
91 #_N_agebins
#
#_agebin_vector
0 1 2 3 4 5 6 7 8 9 10 11 12 13 14 15 16 17 18 19 20 21 22 23 24 25 26 27 28 29 30 31 32 33 34 35 36 37 38 39 40 41 42 43 44 45 46 47 48 49 50 51 52 53 54 55 56 57 58 59 60 61 62 63 64 65 66 67 68 69 70 71 72 73 74 75 76 77 78 79 80 81 82 83 84 85 86 87 88 89 90 #_agebin_vector
#
#_ageing_error
1 #_N_ageerror_definitions
#_age0	age1	age2	age3	age4	age5	age6	age7	age8	age9	age10	age11	age12	age13	age14	age15	age16	age17	age18	age19	age20	age21	age22	age23	age24	age25	age26	age27	age28	age29	age30	age31	age32	age33	age34	age35	age36	age37	age38	age39	age40	age41	age42	age43	age44	age45	age46	age47	age48	age49	age50	age51	age52	age53	age54	age55	age56	age57	age58	age59	age60	age61	age62	age63	age64	age65	age66	age67	age68	age69	age70	age71	age72	age73	age74	age75	age76	age77	age78	age79	age80	age81	age82	age83	age84	age85	age86	age87	age88	age89	age90	age91	age92	age93	age94	age95
      0.5	      1.5	     2.5	     3.5	     4.5	     5.5	     6.5	    7.5	     8.5	     9.5	   10.5	   11.5	   12.5	   13.5	   14.5	   15.5	   16.5	   17.5	   18.5	   19.5	   20.5	   21.5	  22.5	   23.5	   24.5	   25.5	   26.5	   27.5	   28.5	  29.5	   30.5	   31.5	   32.5	   33.5	   34.5	   35.5	   36.5	   37.5	   38.5	   39.5	   40.5	   41.5	   42.5	   43.5	   44.5	   45.5	   46.5	   47.5	   48.5	   49.5	   50.5	   51.5	   52.5	   53.5	   54.5	  55.5	   56.5	  57.5	   58.5	   59.5	  60.5	   61.5	   62.5	63.5	64.5	65.5	66.5	67.5	68.5	69.5	70.5	71.5	72.5	73.5	74.5	75.5	76.5	77.5	78.5	79.5	80.5	81.5	82.5	83.5	84.5	85.5	86.5	87.5	88.5	89.5	90.5	91.5	92.5	93.5	94.5	95.5	#_1
0.0986548	0.0986548	0.197731	0.297273	0.397333	0.497964	0.599228	0.70119	0.803922	0.907503	1.01202	1.11757	1.22425	1.33217	1.44147	1.55226	1.66471	1.77897	1.89521	2.01363	2.13443	2.25783	2.3841	2.51348	2.64629	2.78282	2.92344	3.06851	3.21845	3.3737	3.53476	3.70214	3.87642	4.05823	4.24823	4.44718	4.65587	4.87516	5.10601	5.34944	5.60656	5.87858	6.16681	6.47267	6.79772	7.14362	7.51219	7.90541	8.32542	8.77452	9.25525	9.77031	10.3227	10.9155	11.5524	12.237	12.9734	13.766	14.6196	15.5394	16.531	17.6005	18.7545	  20	  20	  20	  20	  20	  20	  20	  20	  20	  20	  20	  20	  20	  20	  20	  20	  20	  20	  20	  20	  20	  20	  20	  20	  20	  20	  20	  20	  20	  20	  20	  20	  20	#_2
#
#_age_info
#_mintailcomp	addtocomp	combine_M_F	CompressBins	CompError	ParmSelect	minsamplesize
-1	1e-05	0	0	0	0	1	#_TRAWL            
-1	1e-05	0	0	0	0	1	#_Trawl_Discard    
-1	1e-05	0	0	0	0	1	#_MIDWATER         
-1	1e-05	0	0	0	0	1	#_A-SHOP           
-1	1e-05	0	0	0	0	1	#_HKL              
-1	1e-05	0	0	0	0	1	#_Hkl_Discard      
-1	1e-05	0	0	0	0	1	#_OTHERS           
-1	1e-05	0	0	0	0	1	#_RECREATIONAL     
-1	1e-05	0	0	0	0	1	#_AFSC_triennial   
-1	1e-05	0	0	0	0	1	#_AFSC_slope       
-1	1e-05	0	0	0	0	1	#_NWFSC_shelf_slope
-1	1e-05	0	0	0	0	1	#_NWFSC_slope      
-1	1e-05	0	0	0	0	1	#_IPHC             
3 #_Lbin_method: 1=poplenbins; 2=datalenbins; 3=lengths
 #_combine males into females at or below this bin number
#_X.9999	X0	X0.1	X0.2	X0.3	X0.4	X0.5	X0.6	X0.7	X0.8	X0.9	X0.10	X0.11	X0.12	X0.13	X0.14	X0.15	X0.16	X0.17	X0.18	X0.19	X0.20	X0.21	X0.22	X0.23	X0.24	X0.25	X0.26	X0.27	X0.28	X0.29	X0.30	X0.31	X0.32	X0.33	X0.34	X0.35	X0.36	X0.37	X0.38	X0.39	X0.40	X0.41	X0.42	X0.43	X0.44	X0.45	X0.46	X0.47	X0.48	X0.49	X0.50	X0.51	X0.52	X0.53	X0.54	X0.55	X0.56	X0.57	X0.58	X0.59	X0.60	X0.61	X0.62	X0.63	X0.64	X0.65	X0.66	X0.67	X0.68	X0.69	X0.70	X0.71	X0.72	X0.73	X0.74	X0.75	X0.76	X0.77	X0.78	X0.79	X0.80	X0.81	X0.82	X0.83	X0.84	X0.85	X0.86	X0.87	X0.88	X0.89	X0.90	X0.91	X0.92	X0.93	X0.94	X0.95	X0.96	X0.97	X0.98	X0.99	X0.100	X0.101	X0.102	X0.103	X0.104	X0.105	X0.106	X0.107	X0.108	X0.109	X0.110	X0.111	X0.112	X0.113	X0.114	X0.115	X0.116	X0.117	X0.118	X0.119	X0.120	X0.121	X0.122	X0.123	X0.124	X0.125	X0.126	X0.127	X0.128	X0.129	X0.130	X0.131	X0.132	X0.133	X0.134	X0.135	X0.136	X0.137	X0.138	X0.139	X0.140	X0.141	X0.142	X0.143	X0.144	X0.145	X0.146	X0.147	X0.148	X0.149	X0.150	X0.151	X0.152	X0.153	X0.154	X0.155	X0.156	X0.157	X0.158	X0.159	X0.160	X0.161	X0.162	X0.163	X0.164	X0.165	X0.166	X0.167	X0.168	X0.169	X0.170	X0.171	X0.172	X0.173	X0.174	X0.175	X0.176	X0.177	X0.178	X0.179	X0.180	X0.181	X0.182	X0.183	X0.184	X0.185	X0.186	X0.187	X0.188	X0.189
-9999	0	0	0	0	0	0	0	0	0	0	0	0	0	0	0	0	0	0	0	0	0	0	0	0	0	0	0	0	0	0	0	0	0	0	0	0	0	0	0	0	0	0	0	0	0	0	0	0	0	0	0	0	0	0	0	0	0	0	0	0	0	0	0	0	0	0	0	0	0	0	0	0	0	0	0	0	0	0	0	0	0	0	0	0	0	0	0	0	0	0	0	0	0	0	0	0	0	0	0	0	0	0	0	0	0	0	0	0	0	0	0	0	0	0	0	0	0	0	0	0	0	0	0	0	0	0	0	0	0	0	0	0	0	0	0	0	0	0	0	0	0	0	0	0	0	0	0	0	0	0	0	0	0	0	0	0	0	0	0	0	0	0	0	0	0	0	0	0	0	0	0	0	0	0	0	0	0	0	0	0	0	0	0	0	0	0	0	0	0	0	#_terminator
#
#_MeanSize_at_Age_obs
0 #_use_MeanSize_at_Age_obs
0 #_N_environ_variables
0 #_N_sizefreq_methods
0 #_do_tags
0 #_morphcomp_data
0 #_use_selectivity_priors
#
999
